2D: iter10
1.0,-6.716494434508548e-18
0.9803892855661224,0.007989972739385443
0.9607423235703814,0.015704655511839978
0.9410600442748686,0.023144502754908612
0.9213433269050247,0.030309874933802022
0.9015930048635267,0.03720103583884201
0.8818098711611689,0.043818149921817734
0.861994684061413,0.050161279671801576
0.8421481729347035,0.05623038302885647
0.8222710443182105,0.06202531083150432
0.802363988176401,0.06754580429074886
0.7824276843578114,0.07279149247976935
0.7624628092436513,0.07776188982402336
0.7424700425844655,0.08245639357128706
0.7224500745221268,0.08687428121496162
0.7024036127959774,0.09101470783658099
0.6823313901341405,0.09487670332461443
0.6622341718339935,0.09845916941603142
0.6421127635397275,0.10176087649426241
0.6219680192300199,0.10478046006158348
0.6018008494354197,0.10751641678483942
0.5816122297134397,0.10996709998982075
0.5614032094200608,0.11213071445022091
0.5411749208300116,0.11400531028015393
0.5209285886756672,0.11558877569231929
0.5006655401968603,0.11687882832376165
0.48038721582295174,0.11787300475322421
0.46009518064638816,0.11856864773191647
0.4396970912286634,0.11893514790252996
0.4192415765639683,0.11888407815043127
0.3987746781140754,0.11840595792914207
0.3782998483123809,0.11749707623131489
0.3578208341143908,0.11615348562262165
0.33734170318325846,0.11437096070281104
0.3168668763733045,0.11214494282093837
0.29640116896374286,0.10947046628220167
0.27594984413233314,0.10634205920040227
0.2555186837483934,0.10275360891444832
0.23511408407235085,0.09869817672340223
0.21474318803491865,0.09416773819265915
0.19441407267440125,0.08915281077499078
0.17413602248405669,0.08364190467279177
0.15391994197101794,0.07762068460190624
0.13377900504600768,0.07107063437557676
0.11372973249933949,0.06396681202745633
0.09379390547396158,0.05627380613892408
0.07400228705943042,0.047937749261584464
0.054402851816858486,0.03886836188239955
0.035082955233402026,0.028889702739961113
0.016254887628450686,0.01754622576471211
0.0,0.0
0.023745112371549314,-0.001162836550601969
0.044917044766597976,0.0031385180948910567
0.06559714818314151,0.008066132979826507
0.08599771294056958,0.01316446203464737
0.10620609452603844,0.018257563997945418
0.1262702675006605,0.02325515935668268
0.14622099495399235,0.028103380662463647
0.16608005802898207,0.03276681649666742
0.1858639775159433,0.037220524892947054
0.20558592732559877,0.04144598966454509
0.22525681196508135,0.04542887552730558
0.24488591592764913,0.04915769268362327
0.2644813162516066,0.052622958586269815
0.2840501558676669,0.05581664880064041
0.3035988310362571,0.058731824625797346
0.3231331236266955,0.06136237340064892
0.3426582968167416,0.06370282323899641
0.36217916588560917,0.06574820844603782
0.3817001516876191,0.06749397037082847
0.40122532188592464,0.06893588361311709
0.42075842343603165,0.07007000073857551
0.4403029087713366,0.07089261073985634
0.4599048193536119,0.07140575872898614
0.4796127841770482,0.07168533537667002
0.4993344598031398,0.07175421295226472
0.5190714113243329,0.07160973420697975
0.5388250791699885,0.0712494357195583
0.5585967905799393,0.07067103512704503
0.5783877702865602,0.06987242064213943
0.5981991505645803,0.06885164237895552
0.6180319807699801,0.06760690511118675
0.6378872364602726,0.06613656216462363
0.6577658281660066,0.06443911020611096
0.6776686098658596,0.06251318473792478
0.6975963872040225,0.060357556143495625
0.7175499254778731,0.0579711261597929
0.7375299574155345,0.05535292467528585
0.7575371907563487,0.0525021067715085
0.7775723156421886,0.04941794994186198
0.7976360118235991,0.046099851434122444
0.8177289556817894,0.042547325673747534
0.8378518270652965,0.038760001733916416
0.858005315938587,0.034737620825632864
0.8781901288388311,0.030480033787418783
0.8984069951364734,0.02598719855933711
0.9186566730949753,0.021259177630460216
0.9389399557251313,0.016296135452577326
0.9592576764296186,0.01109833581601013
0.9796107144338776,0.005666139185969349
1.0,6.716494434508548e-18
