2D: iter2
1.0,-6.525067178393456e-18
0.9803925840925137,0.00822287003543207
0.9607468863782567,0.016143645772998316
0.9410638130231395,0.023762653724581553
0.9213442234146807,0.031080127701873662
0.9015889359583522,0.03809620617932416
0.8817987341216127,0.04481092974246268
0.8619743727184637,0.05122423862653698
0.8421165844262218,0.05733597034806126
0.8222260865252348,0.06314585742900958
0.8023035878515401,0.06865352520994697
0.7823497959520437,0.07385848974428982
0.7623654244317468,0.07876015576103301
0.7423512004829684,0.08335781467755833
0.7223078725874901,0.0876506426374048
0.7022362183842161,0.0916376985399536
0.6821370526974175,0.09531792201962841
0.6620112357240925,0.09869013132113422
0.6418596813836254,0.10175302100406197
0.6216833658390103,0.10450515939435873
0.6014833362067487,0.10694498568101661
0.581260719482542,0.10907080653295764
0.5610167317226143,0.1108807920822571
0.5407526875366339,0.11237297108389402
0.5204700099687157,0.11354522501687021
0.5001702408691765,0.11439528083367612
0.47984182237351136,0.1149179469098171
0.4594830362458683,0.11509061459034767
0.4391116099726806,0.11490646138101111
0.4187299195318395,0.114362449217258
0.3983405433384145,0.11345532729829641
0.37794628092184174,0.11218160551476446
0.35755017482726553,0.11053752025300627
0.33715553684360733,0.10851899016326755
0.31676598008069246,0.10612155854929506
0.2963854590320903,0.10334031766036839
0.27601832068018056,0.1001698080840996
0.2556693711124434,0.09660388320901653
0.23534396434870547,0.09263552357872909
0.21504812371566223,0.08825657749370218
0.1947887122524875,0.08345738978098124
0.1745736794697644,0.07822625498127839
0.1544124318620502,0.07254858323571894
0.13431641403835196,0.0664055720487228
0.11430007072659924,0.05977197434488154
0.09438255289322578,0.05261207973968843
0.07459103389797668,0.044871781014694065
0.05496804125975653,0.03646074735222951
0.03559121093173341,0.027203560713612875
0.01664955313960429,0.01664743581097517
0.0,0.0
0.02335044686039571,-0.0018404722913968278
0.04440878906826659,0.0017922291126322987
0.06503195874024346,0.006105731567770991
0.08540896610202332,0.010647249786150257
0.10561744710677423,0.01524136572908821
0.12569992927340076,0.0197977485789159
0.14568358596164807,0.02426229111718394
0.1655875681379498,0.02859928295938558
0.18542632053023558,0.03278347703011241
0.20521128774751252,0.036796070833784354
0.22495187628433777,0.04062247451152669
0.2446560356512945,0.044250982604051525
0.2643306288875566,0.04767193993840432
0.2839816793198195,0.05087719481505
0.3036145409679097,0.053859727777598454
0.32323401991930756,0.056613392214577535
0.3428444631563927,0.05913272871359925
0.36244982517273444,0.061412829523943266
0.38205371907815827,0.06344923794935627
0.40165945666158553,0.06523787264008404
0.42127008046816045,0.0667749699824706
0.4408883900273194,0.06805703986715418
0.46051696375413176,0.06908083149334279
0.4801581776264886,0.06984330679648706
0.4998297591308235,0.07034534501501896
0.5195299900312843,0.07060300498364579
0.5392473124633662,0.07061642730296219
0.5589832682773858,0.07038333892545856
0.5787392805174579,0.06990162133013678
0.5985166637932513,0.0691693032719758
0.6183166341609897,0.068184554883051
0.6381403186163747,0.0669456828322843
0.6579887642759076,0.0654511263086679
0.6778629473025826,0.0636994536381488
0.6977637816157838,0.06168935938031802
0.7176921274125099,0.05941966177988045
0.7376487995170316,0.056889300471259834
0.7576345755682532,0.054097334353837345
0.7776502040479564,0.051042939571151996
0.79769641214846,0.0477254075405856
0.8177739134747651,0.044144142991133034
0.8378834155737781,0.04029866197621064
0.8580256272815363,0.03618858983638347
0.8782012658783873,0.03181365909362558
0.8984110640416478,0.027173707264451216
0.9186557765853194,0.02226867458410807
0.9389361869768604,0.017098601638125894
0.9592531136217433,0.01166362690095404
0.9796074159074862,0.005963984184284472
1.0,6.525067178393456e-18
