     1.000000   -0.000000
     0.999113    0.000284
     0.997719    0.000729
     0.996236    0.001201
     0.994651    0.001705
     0.992946    0.002245
     0.991099    0.002828
     0.989080    0.003463
     0.986849    0.004163
     0.984351    0.004942
     0.981512    0.005824
     0.978227    0.006839
     0.974354    0.008027
     0.969697    0.009445
     0.963993    0.011165
     0.956848    0.013295
     0.947492    0.016041
     0.934604    0.019747
     0.916930    0.024684
     0.894625    0.030679
     0.869413    0.037145
     0.843006    0.043570
     0.816165    0.049742
     0.789143    0.055594
     0.762025    0.061105
     0.734848    0.066269
     0.707634    0.071078
     0.680405    0.075529
     0.653179    0.079617
     0.625977    0.083336
     0.598818    0.086681
     0.571724    0.089647
     0.544716    0.092228
     0.517816    0.094417
     0.491050    0.096210
     0.464441    0.097598
     0.438015    0.098577
     0.411800    0.099140
     0.385824    0.099282
     0.360122    0.098997
     0.334731    0.098279
     0.309690    0.097126
     0.285048    0.095533
     0.260859    0.093500
     0.237188    0.091028
     0.214111    0.088123
     0.191727    0.084797
     0.170159    0.081072
     0.149569    0.076985
     0.130184    0.072604
     0.112260    0.068027
     0.096167    0.063416
     0.082069    0.058911
     0.070074    0.054688
     0.060166    0.050863
     0.052019    0.047408
     0.045254    0.044296
     0.039565    0.041521
     0.034712    0.039045
     0.030512    0.036806
     0.026851    0.034715
     0.023663    0.032732
     0.020886    0.030845
     0.018453    0.029045
     0.016304    0.027326
     0.014392    0.025683
     0.012686    0.024120
     0.011162    0.022634
     0.009795    0.021219
     0.008563    0.019868
     0.007451    0.018574
     0.006446    0.017330
     0.005535    0.016131
     0.004710    0.014973
     0.003965    0.013852
     0.003293    0.012763
     0.002689    0.011705
     0.002150    0.010673
     0.001672    0.009667
     0.001253    0.008683
     0.000890    0.007720
     0.000582    0.006777
     0.000328    0.005851
     0.000127    0.004941
    -0.000021    0.004047
    -0.000117    0.003166
    -0.000159    0.002298
    -0.000148    0.001442
    -0.000082    0.000596
     0.000041   -0.000240
     0.000222   -0.001069
     0.000458   -0.001890
     0.000751   -0.002707
     0.001099   -0.003519
     0.001503   -0.004329
     0.001963   -0.005137
     0.002480   -0.005945
     0.003056   -0.006754
     0.003693   -0.007566
     0.004392   -0.008381
     0.005157   -0.009201
     0.005992   -0.010028
     0.006900   -0.010862
     0.007889   -0.011706
     0.008963   -0.012562
     0.010132   -0.013431
     0.011405   -0.014316
     0.012795   -0.015219
     0.014318   -0.016144
     0.015993   -0.017093
     0.017846   -0.018070
     0.019907   -0.019077
     0.022214   -0.020115
     0.024805   -0.021176
     0.027727   -0.022248
     0.031055   -0.023319
     0.034864   -0.024372
     0.039220   -0.025391
     0.044182   -0.026389
     0.049891   -0.027429
     0.056615   -0.028539
     0.064739   -0.029701
     0.074762   -0.030843
     0.087252   -0.031899
     0.102644   -0.032819
     0.121037   -0.033464
     0.142370   -0.033727
     0.166169   -0.033549
     0.191990   -0.032921
     0.219457   -0.031871
     0.248305   -0.030447
     0.278339   -0.028706
     0.309408   -0.026705
     0.341388   -0.024504
     0.374139   -0.022165
     0.407378   -0.019758
     0.440493   -0.017374
     0.473201   -0.015072
     0.505521   -0.012880
     0.537515   -0.010819
     0.569242   -0.008901
     0.600752   -0.007138
     0.632092   -0.005540
     0.663300   -0.004112
     0.694412   -0.002860
     0.725458   -0.001787
     0.756467   -0.000896
     0.787455   -0.000186
     0.818409    0.000343
     0.849191    0.000690
     0.879162    0.000862
     0.906351    0.000880
     0.927876    0.000803
     0.943128    0.000702
     0.953769    0.000609
     0.961667    0.000528
     0.967871    0.000458
     0.972885    0.000397
     0.977026    0.000343
     0.980519    0.000296
     0.983527    0.000254
     0.986166    0.000216
     0.988519    0.000181
     0.990646    0.000149
     0.992589    0.000119
     0.994381    0.000091
     0.996047    0.000065
     0.997604    0.000039
     0.999069    0.000015
     1.000000    0.000000
