2D: iter2
1.0,-6.5366864514705294e-18
0.9803875255093202,0.00811858166506175
0.9607379553085329,0.015946271188510504
0.9410521981043931,0.023483443617944227
0.9213311144280973,0.030730381866321554
0.9015755221258821,0.03768727406654005
0.8817862020826528,0.04435421098998481
0.861963904173353,0.05073118353207387
0.8421093534359123,0.05681808026562323
0.8222232564588946,0.06261468506017277
0.8023063079764582,0.06812067476219144
0.7823591976629957,0.07333561692723026
0.7623826171199102,0.07825896759052293
0.7423772670474729,0.08289006905712197
0.7223438645957039,0.08722814768625553
0.7022831508898053,0.091272311637008
0.6821958987279988,0.0950215485334227
0.6620829204528231,0.09847472299638838
0.6419450760012256,0.10163057397679601
0.6217832811443639,0.10448771180891178
0.6015985159352413,0.1070446148840005
0.5813918333914998,0.10929962582102475
0.5611643684524188,0.11125094698248772
0.5409173472640824,0.11289663514749297
0.5206520968657053,0.11423459510856551
0.5003700553744785,0.11526257190054888
0.4800727827977267,0.11597814129456742
0.45970979524643935,0.11636081505136181
0.4393166681898518,0.11636577904114773
0.418911905643384,0.11598818804972033
0.39849827296024554,0.11522473768522673
0.3780787720640045,0.11407189747498832
0.35765666330040013,0.11252587790209309
0.3372354916852811,0.11058258740890495
0.31681911913828303,0.10823757604144663
0.2964117649300856,0.1054859610442526
0.2760180575257898,0.10232232764989928
0.255643102472081,0.09874059510358217
0.23529257328892744,0.09473383285470628
0.2149728360967066,0.09029400344308079
0.1946911250822815,0.08541159427292137
0.17445579714221357,0.08007507497196643
0.15427671485237018,0.07427006938473614
0.13416584781565943,0.06797803676051906
0.11413826886563787,0.061174055224629514
0.09421392159522228,0.053822830060730034
0.07442105656218664,0.04587081194941019
0.05480382876864655,0.037228482660915184
0.03544276626124254,0.027721788010754717
0.016533780176628737,0.01690097314914188
0.0,0.0
0.023466219823371263,-0.0015013637460289725
0.04455723373875746,0.0024154263495007426
0.06519617123135345,0.0069843322105124575
0.08557894343781336,0.011755598987219302
0.10578607840477773,0.016555172495130933
0.12586173113436214,0.021293534504492558
0.1458341521843406,0.025917135695893795
0.16572328514762982,0.030390681352997106
0.18554420285778642,0.034689249601116856
0.20530887491771851,0.03879429968954162
0.22502716390329341,0.04269145546279153
0.24470742671107254,0.04636918654860499
0.264356897527919,0.049817980351197735
0.28398194247421027,0.05302979941037887
0.3035882350699144,0.055997713175553424
0.323180880861717,0.05871564089191697
0.34276450831471894,0.061178167792045816
0.36234333669959984,0.06338041112047449
0.38192122793599553,0.06531792092322573
0.4015017270397545,0.06698660564266345
0.421088094356616,0.06838267576187562
0.4406833318101482,0.06950260080818363
0.4602902047535607,0.07034307638973455
0.47992721720227327,0.07090262607122551
0.49962994462552146,0.07121753802019813
0.5193479031342947,0.07130189221699837
0.5390826527359177,0.07115326443275054
0.5588356315475813,0.07076939970229817
0.5786081666085001,0.07014820281816635
0.5984014840647587,0.06928773055945855
0.6182167188556361,0.06818618528867798
0.6380549239987744,0.06684190962478725
0.6579170795471769,0.06525338195905114
0.6778041012720013,0.0634192126257358
0.6977168491101946,0.061338140575732364
0.7176561354042961,0.059009030429929415
0.7376227329525271,0.05643086981237029
0.7576173828800898,0.05360276688213943
0.7776408023370044,0.050523947998465005
0.7976936920235419,0.047193755466399465
0.8177767435411053,0.04361164532117662
0.8378906465640876,0.03977718511834737
0.858036095826647,0.03569005170438069
0.8782137979173472,0.0313500289488165
0.8984244778741179,0.026757005424470758
0.9186688855719027,0.02191097202676154
0.9389478018956068,0.016812019527073983
0.959262044691467,0.011460336058305536
0.9796124744906798,0.005856204533414883
1.0,6.5366864514705294e-18
