2D: iter2
1.0,-6.151906006209609e-18
0.9805166445493455,0.011086849850360406
0.9609445564982757,0.021328327109362825
0.9412816937786965,0.030721646553097188
0.9215262831422594,0.03926343579481341
0.9016769482979475,0.04694974487839742
0.8817328420482101,0.05377608013832115
0.8616937757490285,0.05973746487051528
0.8415603382409382,0.06482852764005112
0.821333995811607,0.06904361684349256
0.8010171649836386,0.0723769376440375
0.7806132511140436,0.07482270490622607
0.7601266479443771,0.07637530363757648
0.7399540603787631,0.07725889610627322
0.7198870872191305,0.07800682686955601
0.6998127069585593,0.07864076422484455
0.6797312556796458,0.0791602557087509
0.6596430804502427,0.07956471367629676
0.6395485424523646,0.07985341131082893
0.619448020234809,0.08002547808768909
0.599341913110206,0.08007989458833992
0.5792306447217896,0.08001548653901472
0.5591146668109467,0.07983091791941387
0.5389944632238771,0.0795246829507002
0.5188705542049783,0.07909509672558845
0.49874350103649057,0.07854028418331085
0.4786139110994064,0.07785816705400399
0.4584824434509017,0.0770464482940639
0.43834981504035203,0.07610259339697945
0.41821680772188125,0.07502380777974073
0.39808427627002,0.07380700919366323
0.3779531576718426,0.07244879376151286
0.35782448206204137,0.07094539375663071
0.33769938579924047,0.06929262454742183
0.31757912737190547,0.06748581712706397
0.2974651071015972,0.06551973116493909
0.2773588920310794,0.06338844127524426
0.25726224803105935,0.06108518572858139
0.23717718218215952,0.0586021613100047
0.21710600015913387,0.05593023895680081
0.1970513861726833,0.053058559363305266
0.17701651801844515,0.04997394030731154
0.15700523904866603,0.046659976256509965
0.13702232712311338,0.04309560942752122
0.11707393920441346,0.03925273558008871
0.09716839976577137,0.03509190426357019
0.07731773474238582,0.030553850829286147
0.05754106956356107,0.02554051243369889
0.03787380993173317,0.019863111222101423
0.018403215750420903,0.013038348864383511
0.0,0.0
0.021596784249579098,-0.006365409609177183
0.04212619006826683,-0.006696307467005385
0.06245893043643892,-0.006058918934029758
0.08268226525761418,-0.004936542340360532
0.10283160023422865,-0.0035179555407046995
0.12292606079558653,-0.0019012213785999758
0.14297767287688665,-0.00014560450272584763
0.16299476095133397,0.0017094446362754395
0.18298348198155484,0.003635821798147268
0.20294861382731672,0.005612469199510341
0.22289399984086614,0.007622981308054971
0.24282281781784046,0.009654175901574632
0.26273775196894067,0.011695193674404903
0.28264110796892067,0.013736905563832363
0.3025348928984028,0.01577150835491126
0.32242087262809455,0.01779224031824348
0.3423006142007596,0.01979317606802612
0.3621755179379586,0.021769075273641122
0.3820468423281574,0.023715268928266225
0.40191572372998,0.025627572400306515
0.4217831922781187,0.02750221796310304
0.441650184959648,0.02933580173942173
0.4615175565490983,0.031125241480578082
0.4813860889005936,0.03286774260356218
0.5012564989635094,0.034560770601862884
0.5211294457950217,0.03620202843187623
0.541005536776123,0.03778943782373885
0.5608853331890534,0.03932112371668289
0.5807693552782103,0.04079540120342315
0.6006580868897939,0.04221076450512245
0.6205519797651909,0.04356587760148117
0.6404514575476354,0.04485956621873261
0.6603569195497574,0.04609081093833943
0.6802687443203543,0.04725874123564333
0.7001872930414406,0.048362630293991106
0.7201129127808694,0.049401890468404465
0.7400459396212369,0.05037606929549545
0.7598733520556229,0.05126412023405708
0.7793867488859565,0.05156047831347642
0.7989828350163615,0.05104448165027238
0.8186660041883929,0.04971051525196324
0.8384396617590617,0.04755279398308901
0.8583062242509715,0.044565523006847664
0.8782671579517899,0.04074305071980308
0.8983230517020525,0.036080005687026566
0.9184737168577407,0.030571411204448812
0.9387183062213034,0.024212773606541834
0.9590554435017242,0.017000142937191383
0.9794833554506545,0.008930146809647464
1.0,6.151906006209609e-18
