[9.5        5.41619101 4.64843815] 107.53421230960947 170.74964639321075
[9.5       5.2066355 3.6944403] 79.97366176691918 172.74193548387098
[9.5        5.49675594 4.47793737] 72.14188239090844 171.22535211267603
???


6 [8.4182674  3.82696273 5.        ] 32.34054210848616 82.824314306894
5 [8.41091373 4.59977897 5.        ] 32.72138009305408 133.28507795100222
4 [7.68774585 5.05375041 6.89231773] 56.43221032841069 173.26894502228825
2 [9.19152191 5.07644419 5.        ] 58.29299106783617 207.86046511627907
7 [9.28757286 6.0187971  6.95725171] 105.13359548792252 231.41524105754277
8 [7.79526363 5.81967631 6.16088396] 140.133229850211 254.92277992277994

meta_orig_env params: 2.195254015709299 2866453.6781622297 0.2880857968002241