     1.000000   -0.000000
     0.996638    0.000856
     0.994006    0.001523
     0.992248    0.001967
     0.990457    0.002419
     0.988034    0.003029
     0.984528    0.003907
     0.976203    0.005976
     0.967570    0.008098
     0.955398    0.011048
     0.942359    0.014154
     0.927091    0.017721
     0.911542    0.021276
     0.895894    0.024776
     0.880093    0.028231
     0.864339    0.031598
     0.848550    0.034894
     0.832747    0.038114
     0.816930    0.041259
     0.801098    0.044330
     0.785251    0.047325
     0.769390    0.050246
     0.753517    0.053091
     0.737630    0.055861
     0.721730    0.058554
     0.705819    0.061172
     0.689896    0.063713
     0.673963    0.066177
     0.658018    0.068564
     0.642064    0.070873
     0.626100    0.073103
     0.610127    0.075254
     0.594145    0.077326
     0.578155    0.079317
     0.562158    0.081226
     0.546153    0.083053
     0.530142    0.084797
     0.514125    0.086457
     0.498102    0.088032
     0.482075    0.089520
     0.466044    0.090920
     0.450009    0.092231
     0.433971    0.093452
     0.417932    0.094581
     0.401891    0.095616
     0.385850    0.096556
     0.369810    0.097399
     0.353771    0.098142
     0.337735    0.098783
     0.321703    0.099320
     0.305677    0.099751
     0.289658    0.100072
     0.273648    0.100281
     0.257644    0.100372
     0.241690    0.100344
     0.225626    0.100193
     0.209950    0.099875
     0.195984    0.099159
     0.182695    0.097835
     0.169133    0.095856
     0.155614    0.093262
     0.142237    0.090060
     0.128985    0.086250
     0.115944    0.081870
     0.102944    0.076860
     0.090117    0.071254
     0.077901    0.065280
     0.065272    0.058445
     0.051054    0.049765
     0.041884    0.043539
     0.035201    0.038780
     0.027697    0.033248
     0.023554    0.029950
     0.020376    0.027214
     0.016820    0.023914
     0.010629    0.017560
     0.008087    0.014709
     0.006551    0.012894
     0.005240    0.011273
     0.004548    0.010383
     0.003541    0.009032
     0.002756    0.007919
     0.001975    0.006737
     0.001431    0.005848
     0.000890    0.004883
    -0.000175    0.002294
     0.000311   -0.000331
     0.002815   -0.001005
     0.003994   -0.000976
     0.005376   -0.000831
     0.006287   -0.000689
     0.007582   -0.000442
     0.008514   -0.000237
     0.009925    0.000109
     0.010955    0.000382
     0.012937    0.000951
     0.016018    0.001923
     0.019994    0.003293
     0.028583    0.006529
     0.033137    0.008355
     0.036763    0.009859
     0.043053    0.012531
     0.052396    0.016448
     0.062291    0.020425
     0.076566    0.025896
     0.090384    0.030821
     0.103903    0.035207
     0.117744    0.039217
     0.131372    0.042657
     0.145180    0.045604
     0.158806    0.047960
     0.172497    0.049753
     0.186269    0.050973
     0.199522    0.051572
     0.213990    0.051565
     0.229956    0.051258
     0.246168    0.050941
     0.262453    0.050623
     0.278783    0.050298
     0.295081    0.049964
     0.311374    0.049616
     0.327656    0.049252
     0.343927    0.048867
     0.360190    0.048460
     0.376445    0.048028
     0.392692    0.047567
     0.408933    0.047077
     0.425167    0.046555
     0.441394    0.046000
     0.457616    0.045410
     0.473832    0.044783
     0.490043    0.044118
     0.506248    0.043414
     0.522448    0.042670
     0.538644    0.041884
     0.554835    0.041056
     0.571021    0.040185
     0.587202    0.039271
     0.603379    0.038311
     0.619551    0.037306
     0.635719    0.036256
     0.651883    0.035159
     0.668042    0.034016
     0.684197    0.032825
     0.700348    0.031588
     0.716495    0.030303
     0.732638    0.028970
     0.748776    0.027590
     0.764910    0.026162
     0.781040    0.024686
     0.797166    0.023163
     0.813288    0.021592
     0.829405    0.019974
     0.845519    0.018308
     0.861633    0.016596
     0.877722    0.014839
     0.893871    0.013029
     0.909877    0.011189
     0.925743    0.009320
     0.941184    0.007460
     0.954548    0.005816
     0.966926    0.004267
     0.975661    0.003157
     0.984175    0.002064
     0.987762    0.001600
     0.990236    0.001278
     0.992071    0.001039
     0.993872    0.000804
     0.996561    0.000452
     1.000000    0.000000
