2D: iter4
1.0,-6.122713999379242e-18
0.980537593799831,0.011434121275688141
0.9610103239358708,0.022267610557419118
0.9414179510062762,0.03249953445958994
0.9217602533266108,0.04212873218021549
0.9020370591516907,0.051153810766668105
0.8822482809293698,0.05957314372254376
0.8623939510442172,0.06738487344389478
0.8424742583710335,0.07458691790128592
0.8224895848301447,0.08117698187698782
0.8024405410290055,0.08715257292410773
0.7823279999990153,0.092511022039527
0.7621531280033997,0.09724950884147276
0.7419174114107688,0.10136509082508575
0.7216226787058672,0.10485473604817998
0.7012711168464847,0.10771535838942228
0.680865281370967,0.10994385433822416
0.6604080999065601,0.11153714013487823
0.6399702423303161,0.11249956859955498
0.6198017456606845,0.11310821425657917
0.5996203657762028,0.1135042039732761
0.5794269454025909,0.113686228267221
0.5592223810278181,0.11365282846667396
0.5390076300744432,0.11340238974098962
0.5187837185247427,0.11293313290956722
0.4985517490959619,0.11224310474210882
0.47831291008977,0.11133016638751449
0.45806848507495923,0.11019197946948935
0.4378198636086542,0.10882598925492953
0.41756855326309145,0.1072294041235307
0.39731619330867823,0.10539917032504736
0.3770645705188221,0.10333194067638021
0.35681563772185554,0.1010240353821577
0.3365715359515777,0.09847139249508866
0.31633462137380153,0.09566950456463573
0.2961074986450536,0.09261333659149194
0.27589306307852,0.0892972182423319
0.2556945550987175,0.08571469992893532
0.23551563221665855,0.08185835702083512
0.21536046661461267,0.07771951769408816
0.1952338812656648,0.0732878749828821
0.17514154604932988,0.06855091706142162
0.1550902711551933,0.06349306023163381
0.1350884662177451,0.05809427091647856
0.11514689952988809,0.05232775380619844
0.09528004438938222,0.046155795225134105
0.07550869792731181,0.03952156844081522
0.05586577945832619,0.032330744372846464
0.036411984882053876,0.024401153463554877
0.017296384361797465,0.015264984980695154
0.0,0.0
0.022703615638202536,-0.003641801435366165
0.043588015117946126,-0.0015216173756594804
0.06413422054167381,0.0014383132548527605
0.08449130207268819,0.004770179723925259
0.1047199556106178,0.008291812473885045
0.1248531004701119,0.011908882424336804
0.14491153378225494,0.0155645628428102
0.1649097288448067,0.019221140053645887
0.1848584539506701,0.02285181874708643
0.20476611873433523,0.026436565346091737
0.22463953338538734,0.02995979615258886
0.24448436778334143,0.03340899934078251
0.2643054449012825,0.03677386794486037
0.28410693692148004,0.04004573014087924
0.3038925013549464,0.04321716129837207
0.3236653786261985,0.046281711829118596
0.34342846404842237,0.04923371139979338
0.36318436227814443,0.05206812501108949
0.3829354294811779,0.054780445212469525
0.4026838066913218,0.057366610056642404
0.4224314467369085,0.05982293974823648
0.4421801363913458,0.06214608710415246
0.4619315149250408,0.0643329983741449
0.48168708991022996,0.0663808819379094
0.5014482509040381,0.06828718306234217
0.5212162814752573,0.07004956337114829
0.5409923699255569,0.07166588401322782
0.560777618972182,0.07313419175828281
0.580573054597409,0.07445270742571256
0.6003796342237971,0.07561981618487165
0.6201982543393155,0.0766340593640202
0.640029757669684,0.07749412748073345
0.6595919000934399,0.07806557685146873
0.6791347186290331,0.07808477914271648
0.6987288831535152,0.07754181439938826
0.7183773212941328,0.07643359886177663
0.7380825885892311,0.07475702901929308
0.7578468719966003,0.07250901875060448
0.7776720000009848,0.06968653611352481
0.7975594589709946,0.06628663860319485
0.8175104151698552,0.06230650583784172
0.8375257416289664,0.057743468814346756
0.8576060489557827,0.052595035085817185
0.8777517190706302,0.046858909434523664
0.8979629408483093,0.040533009831030954
0.9182397466733893,0.033615478671391384
0.9385820489937237,0.02610468945920102
0.9589896760641291,0.017999249241832015
0.979462406200169,0.00929799721729934
1.0,6.122713999379242e-18
