2D: iter3
1.0,-2.5744800023542283e-17
0.9903256618197216,0.0037042758673456353
0.9806360568338773,0.007356030583920948
0.9709314638289367,0.01095577629084641
0.9612121530200275,0.014504000928164316
0.9514783863363785,0.0180011680626967
0.9417304177090002,0.02144771671291112
0.9319684933606218,0.024844061170533484
0.9221928520979077,0.028190590818627008
0.9124037256059785,0.03148766994583578
0.9026013387452652,0.03473563755646703
0.8927859098507275,0.03793480717606075
0.8829576510334736,0.041085466652067734
0.8731167684848216,0.04418787794922913
0.8632634627828469,0.04724227693921344
0.853397929201466,0.05024887318403789
0.8435203580221119,0.05320784971275663
0.8336309348480648,0.05611936279086176
0.823729840921504,0.058983541681793
0.8138172534433586,0.061800488399905526
0.8038933458960397,0.06457027745419003
0.793958288369149,0.06729295558197813
0.7840122478882627,0.06996854147180548
0.7740553887469067,0.07259702547452823
0.7640878728418454,0.07517836930171448
0.7541098600118225,0.0777125057102461
0.7441215083799041,0.08019933817196843
0.7341229746995925,0.08263874052712705
0.7241144147048914,0.08503055662020988
0.7140959834645271,0.08737459991669236
0.7040678357405489,0.08967065309903816
0.6940301263515521,0.09191846764015599
0.6839830105407977,0.09411776335234107
0.6739266443495253,0.09626822790953683
0.6638611849957923,0.09836951634054213
0.6537867912592007,0.1004212504905524
0.6437036238719182,0.10242301844815771
0.6336118459164362,0.10437437393462845
0.6235116232305616,0.10627483565198684
0.6134031248201872,0.10812388658599295
0.6032865232804479,0.10992097325975975
0.5931619952259378,0.11166550493323993
0.5830297217307369,0.11335685274330357
0.5728898887790804,0.11499434877852635
0.5627426877276018,0.11657728508213383
0.5525883157801863,0.1181049125757811
0.5424269764765965,0.11957643989597666
0.5322588801961683,0.1209910321339656
0.5220842446780335,0.12234780946875348
0.5119032955595101,0.12364584568165501
0.5017162669345013,0.12488416653926038
0.4915234019339844,0.1260617480299964
0.48132495333094216,0.1271775144374821
0.47112118417240034,0.12823033623158625
0.46091236844159883,0.12921902775543728
0.4506987917537406,0.13014234468354172
0.4404807520892541,0.13099898122255274
0.43025856056906736,0.13178756702199906
0.4200325422770644,0.1325066637573058
0.40961996024277103,0.13314545784315418
0.39917110856747134,0.13368658977322084
0.38871697862701526,0.13412810681661108
0.3782583482749794,0.13446823374831643
0.36779603237630404,0.1347051097208392
0.3573308850950617,0.1348367820292189
0.3468638023938172,0.1348611990647895
0.33639572477756885,0.134776202327686
0.3259276403214764,0.13457951734303597
0.3154605880291845,0.13426874329493982
0.3049956615779114,0.13384134115420304
0.2945340135180705,0.13329462002832493
0.2840768600096479,0.13262572140279466
0.2736254861957155,0.13183160086774148
0.26318125233642065,0.13090900682866485
0.25274560085607733,0.12985445557784914
0.2423200644936304,0.12866420194528844
0.23190627579563022,0.12733420454222155
0.22150597825487522,0.12586008433951063
0.21112103948266572,0.12423707496266652
0.20075346691617243,0.12245996260024286
0.19040542671640465,0.12052301276134791
0.18007926672388208,0.11841988020522384
0.1697775446342214,0.11614349708664076
0.15950306297404518,0.113685932539122
0.14925891306081562,0.11103821427731196
0.13904853101742679,0.10819009889613868
0.12887577024616137,0.1051297716463963
0.11874499682128362,0.10184344733429113
0.10866121751326163,0.09831482945693687
0.09863025547455337,0.09452436081020898
0.08865899762482529,0.09044815814434512
0.07875575368903186,0.08605645122248023
0.06893079638832011,0.08131121184889542
0.05919721048524695,0.07616239149037987
0.04957230165017254,0.07054161765330877
0.04008010205321515,0.06435087315811748
0.030756256250326665,0.05744019999924835
0.021658864012843438,0.04955771101381007
0.012897820963403377,0.04021287046083945
0.004748678050691057,0.028139724457590626
0.0,0.0
0.015251321949308942,-0.024067003305233006
0.027102179036596626,-0.03216590460131909
0.03834113598715656,-0.037634976892321856
0.04924374374967334,-0.04174017406098718
0.05991989794678486,-0.044972031848278235
0.07042769834982746,-0.04758243741708634
0.08080278951475306,-0.04972134877296913
0.09106920361167989,-0.05148678309549127
0.10124424631096814,-0.05294711287827756
0.11134100237517472,-0.05415238665453881
0.12136974452544663,-0.05514063261999392
0.13133878248673836,-0.05594162101150794
0.1412550031787164,-0.056579235078843215
0.15112422975383866,-0.05707303202612431
0.1609514689825732,-0.05743930835623748
0.17074108693918438,-0.05769184926297645
0.18049693702595485,-0.05784246949554707
0.1902224553657786,-0.057901412459021286
0.19992073327611792,-0.05787765043875471
0.20959457328359538,-0.05777911430122401
0.21924653308382755,-0.05761287189165908
0.22887896051733428,-0.05738526845081775
0.2384940217451248,-0.057102038469591734
0.24809372420436976,-0.056768395759427444
0.2576799355063696,-0.05638910669481399
0.2672543991439227,-0.05596855030488927
0.2768187476635794,-0.055510767978414435
0.2863745138042846,-0.055019504885395386
0.2959231399903521,-0.05449824473354779
0.30546598648192946,-0.05395023911737215
0.3150043384220886,-0.05337853244673925
0.32453941197081554,-0.05278598323615991
0.3340723596785236,-0.052175282378134805
0.3436042752224312,-0.051548968901858526
0.35313619760618276,-0.05090944362323055
0.36266911490493825,-0.05025898101712337
0.37220396762369595,-0.04959973958340202
0.3817416517250206,-0.048933770930732444
0.39128302137298476,-0.048263027764075164
0.4008288914325287,-0.047589370930927896
0.4103800397572289,-0.046914575656299126
0.4199674577229356,-0.04624011174614237
0.4297414394309326,-0.04555381581328006
0.4395192479107459,-0.044849067782684326
0.4493012082462594,-0.044127305978930054
0.4590876315584012,-0.043389900752488525
0.4688788158275996,-0.042638157896706566
0.4786750466690578,-0.04187332173707767
0.48847659806601557,-0.04109657793047336
0.4982837330654987,-0.0403090560070249
0.5080967044404899,-0.039511831683113265
0.5179157553219665,-0.03870592897031163
0.5277411198038318,-0.03789232210202979
0.5375730235234035,-0.037071937296953066
0.5474116842198138,-0.03624565437607586
0.5572573122723983,-0.03541430824815314
0.5671101112209195,-0.03457869027667635
0.5769702782692631,-0.03373954953999043
0.5868380047740621,-0.03289759399486983
0.5967134767195521,-0.03205349155273882
0.6065968751798128,-0.031207871076727393
0.6164883767694384,-0.030361323306882772
0.6263881540835639,-0.029514401720092086
0.6362963761280819,-0.028667623330595186
0.6462132087407993,-0.027821469436369865
0.6561388150042078,-0.026976386316145753
0.6660733556504748,-0.02613278588133279
0.6760169894592024,-0.025291046286735522
0.6859698736484477,-0.024451512503555088
0.695932164259451,-0.023614496857848062
0.7059040165354729,-0.022780279537319245
0.7158855852951086,-0.021949109069059905
0.7258770253004074,-0.02112120277060638
0.7358784916200959,-0.02029674717648323
0.7458901399881775,-0.019475898442202527
0.7559121271581546,-0.018658782727518704
0.7659446112530933,-0.017845496560586403
0.7759877521117373,-0.017036107184523773
0.7860417116308511,-0.016230652887762705
0.7961066541039604,-0.015429143319447045
0.8061827465566415,-0.014631559791041148
0.8162701590784959,-0.013837855565213362
0.8263690651519351,-0.013047956132973059
0.836479641977888,-0.012261759479965023
0.846602070798534,-0.011479136342749538
0.856736537217153,-0.010699930455834516
0.8668832315151784,-0.009923958790165784
0.8770423489665264,-0.00915101178372613
0.8872140901492725,-0.008380853564847048
0.8973986612547349,-0.007613222168787409
0.9075962743940216,-0.006847829748096388
0.9178071479020924,-0.006084362777234014
0.9280315066393783,-0.0053224822518930445
0.9382695822909997,-0.004561823883429374
0.9485216136636214,-0.0038019982887798386
0.9587878469799724,-0.0030425911762185015
0.9690685361710633,-0.002283163527277807
0.9793639431661226,-0.001523251775135715
0.9896743381802784,-0.000762367979749938
1.0,2.5744800023542283e-17
