2D: iter6
1.0,-2.111355068995796e-17
0.9901704072685221,0.002768583345399086
0.9803336945533205,0.005500484737163247
0.9704899977230304,0.008196163180072406
0.9606394482903959,0.01085605695396351
0.9507821735449733,0.013480583509947732
0.9409182966863864,0.01607013936316893
0.9310479369581508,0.018625099981873058
0.9211712097820792,0.021145819672542015
0.9112882268932859,0.023632631460828477
0.9013990964758067,0.02608584696800885
0.8915039232988522,0.028505756282650296
0.8816028088537177,0.030892627827166026
0.8716958514913684,0.0332467082189095
0.861783146560727,0.03556822212542883
0.8518647865476868,0.03785737211347818
0.841940861214881,0.04011433849134747
0.8320114577422366,0.042339279144041356
0.8220766608683475,0.04453232936079802
0.8121365530327016,0.046693601654400146
0.8021912145188008,0.048823185571685294
0.7922407235982178,0.05092114749461328
0.7822851566756324,0.05298753043119804
0.7723245884348993,0.055022353795549234
0.7623590919862012,0.05702561317620804
0.7523887390143452,0.05899728009189075
0.7424135999282662,0.06093730173367436
0.732433744011808,0.06284560069257686
0.7224492395758573,0.06472207467138688
0.7124601541119113,0.06656659617949766
0.7024665544471734,0.06837901220938168
0.6924685069012708,0.07015914389321815
0.6824660774447039,0.07190678613804329
0.672459331859145,0.07362170723763656
0.6624483358997149,0.07530364845918208
0.6524331554593792,0.0769523236025513
0.6424138567356181,0.07856741852983401
0.632390506399542,0.08014859066250633
0.6223631717676389,0.08169546844334974
0.612331920976362,0.08320765075993346
0.602296823159784,0.0846847063261308
0.5922579486305697,0.08612617301775508
0.5822153690645486,0.08753155715796794
0.5721691576891932,0.08890033274762324
0.5621193894763465,0.09023194063515441
0.5520661413395822,0.09152578761998534
0.5420094923366195,0.09278124548272884
0.531949523877268,0.09399764993462144
0.5218863199374314,0.09517429947771273
0.5118199672797648,0.09631045416626109
0.5017505556816491,0.09740533425856415
0.4916781781712356,0.09845811874704312
0.48160293127240145,0.09946794375277687
0.4715249152595735,0.10043390076879882
0.4614442344235012,0.10135503473428938
0.4513609973492063,0.10223034191925534
0.4412753172075106,0.10305876759632104
0.43118731206173644,0.10383920347278203
0.42109710519141275,0.10457048485198503
0.41100482543508854,0.10525138748827989
0.400910607554677,0.10588062409408114
0.3908145926241346,0.10645684045079086
0.38071692844572846,0.10697861106723713
0.37061776999768287,0.10744443431957056
0.3605172799176377,0.10785272699486968
0.35041562902712786,0.10820181814655733
0.34031299690322336,0.10848994215252569
0.3302095725046104,0.10871523084583531
0.32010555486078085,0.10887570456200266
0.3100011538347029,0.10896926191492218
0.2994871714573669,0.10896552371192453
0.288969047347476,0.1088327066952727
0.2784526475335803,0.10856828058909067
0.26793934261193886,0.10816955626411495
0.25743058234422206,0.1076336622897354
0.24692790279902999,0.10695752140984299
0.23643293465913132,0.10613782263485025
0.2259474129579981,0.10517098792915511
0.2154731885824745,0.10405313218073578
0.20501224197640988,0.1027800147457357
0.19456669961278514,0.10134698032419928
0.1841388539839832,0.09974888618183875
0.173731188113489,0.09798001169374317
0.16334640595123828,0.09603394470613785
0.1529874705318435,0.09390343706696092
0.1426576525343267,0.09158021850424707
0.1323605930219888,0.08905475323847542
0.12210038589468838,0.08631591629324561
0.11188168835879128,0.08335055465391755
0.10170987224470565,0.0801428790150728
0.09159123665598717,0.07667359879982631
0.08153331593666403,0.0729186544113464
0.07154534197108844,0.06884729106691902
0.06163896905133656,0.06441900146130854
0.051829473619784384,0.059578402127140856
0.04213788219984903,0.05424602966781702
0.03259510905142796,0.04830020980659555
0.023251110859682934,0.04153639838333604
0.014199579167299869,0.03355595319847178
0.005673414819910461,0.023329344588728304
0.0,0.0
0.01432658518008954,-0.01919139025288319
0.025800420832700132,-0.025415764283664086
0.03674888914031706,-0.029529694646448314
0.04740489094857204,-0.03256271100451033
0.05786211780015098,-0.03491345555741685
0.06817052638021562,-0.03678647246530829
0.07836103094866345,-0.0383034360049261
0.08845465802891156,-0.039543809572869265
0.09846668406333596,-0.04056297663651187
0.10840876334401284,-0.04140144450108953
0.11829012775529435,-0.042089967949316326
0.1281183116412087,-0.042652606578023944
0.13789961410531162,-0.043108650964097384
0.14763940697801123,-0.04347389041295513
0.1573423474656733,-0.04376147793923725
0.1670125294681565,-0.04398253851934413
0.17665359404876174,-0.04414660793279662
0.18626881188651098,-0.044261956451560044
0.1958611460160168,-0.04433583222769625
0.20543330038721488,-0.044374647414979984
0.2149877580235901,-0.044384122638322115
0.2245268114175255,-0.044369400632010475
0.2340525870420019,-0.044335136696000636
0.24356706534086867,-0.04428557147414913
0.25307209720097,-0.04422459007847778
0.26256941765577796,-0.044155770544588614
0.2720606573880612,-0.044082423862069155
0.28154735246641976,-0.04400762728702841
0.29103095265252393,-0.043934252250076515
0.30051282854263306,-0.043864987880476956
0.3099988461652971,-0.0438023578518296
0.31989444513921916,-0.043722785878134496
0.3297904274953896,-0.04360366408547827
0.3396870030967767,-0.04344709385996645
0.3495843709728721,-0.04325505486608261
0.35948272008236226,-0.04302941527076619
0.3693822300023171,-0.042771940696124985
0.37928307155427154,-0.04248430208873621
0.38918540737586543,-0.042168082661521264
0.39908939244532304,-0.04182478403832957
0.4089951745649114,-0.041455831710333076
0.4189028948085872,-0.041062579896129665
0.42881268793826355,-0.04064631588330483
0.4387246827924894,-0.040208263917508695
0.4486390026507937,-0.03974958869539455
0.45855576557649885,-0.03927139850966686
0.46847508474042643,-0.03877474808770128
0.4783970687275985,-0.03826064115949101
0.4883218218287644,-0.03773003278585564
0.49824944431835094,-0.03718383147376175
0.5081800327202353,-0.03662290110213047
0.5181136800625686,-0.03604806267854062
0.528050476122732,-0.03546009594469453
0.5379905076633805,-0.03485974084633383
0.5479338586604179,-0.03424769888140894
0.5578806105236536,-0.03362463433868331
0.5678308423108067,-0.032991175437544144
0.5777846309354513,-0.03234791537856757
0.5877420513694303,-0.03169541331332014
0.597703176840216,-0.031034195240947988
0.607668079023638,-0.030364754838289487
0.6176368282323611,-0.029687554229531312
0.627609493600458,-0.029003024700800132
0.6375861432643819,-0.02831156736452677
0.6475668445406209,-0.0276135537779297
0.6575516641002852,-0.026909326519532865
0.6675406681408551,-0.026199199727246384
0.6775339225552962,-0.025483459601198886
0.6875314930987291,-0.024762364874206202
0.6975334455528265,-0.024036147252488902
0.7075398458880886,-0.023305011829010763
0.7175507604241427,-0.02256913747159258
0.7275662559881919,-0.021828677187761845
0.7375864000717338,-0.021083758468125335
0.7476112609856548,-0.02033448360989442
0.7576409080137988,-0.019580930022051107
0.7676754115651008,-0.01882315051351841
0.7777148433243677,-0.018061173565580024
0.7877592764017822,-0.01729500358969478
0.7978087854811993,-0.01652462117175301
0.8078634469672985,-0.01574998330374079
0.8179233391316524,-0.014971023603698272
0.8279885422577633,-0.014187652524787946
0.838059138785119,-0.013399757554227093
0.8481352134523131,-0.012607203402777547
0.858216853439273,-0.011809832185434636
0.8683041485086316,-0.011007463593908461
0.8783971911462823,-0.01019989506144484
0.8884960767011478,-0.009386901920495672
0.8986009035241933,-0.008568237553707489
0.9087117731067141,-0.007743633538667086
0.9188287902179209,-0.006912799786807294
0.9289520630418493,-0.0060754246768517164
0.9390817033136135,-0.005231175183147648
0.9492178264550266,-0.004379696999213237
0.959360551709604,-0.0035206146568025048
0.9695100022769696,-0.002653531640771595
0.9796663054466794,-0.0017780305000093353
0.9898295927314779,-0.0008936729546787781
1.0,2.111355068995796e-17
