2D: iter7
1.0,-1.933650259696187e-17
0.9902024645348605,0.0028947664804443137
0.9803954973031718,0.005748059111414603
0.9705792740986399,0.008560279334814534
0.9607539652512816,0.011331810053015071
0.9509197358075401,0.014063015515159236
0.9410767457115288,0.01675424120082843
0.9312251499874205,0.01940581370086594
0.9213650989229984,0.02201804059513836
0.9114967382543923,0.024591210327000193
0.9016202093520175,0.027125592074208803
0.8917356494077455,0.029621435616017808
0.8818431916233309,0.03207897119615651
0.8719429654001255,0.03449840938138196
0.8620350965301109,0.03687994091526269
0.8521197073882881,0.03922373656683108
0.8421969171264612,0.04152994697370869
0.8322668418684593,0.043798702479280936
0.8223295949068452,0.04603011296346057
0.8123852869011609,0.048224267666544376
0.8024340260777685,0.05038123500562602
0.792475918431349,0.05250106238298281
0.7825110679281261,0.054583775985807964
0.7725395767108906,0.05662938057660285
0.7625615453059077,0.058637859273488635
0.7525770728317972,0.06060917331963103
0.7425862572104825,0.06254326184089987
0.7325891953803209,0.06444004159081018
0.7225859835115273,0.06629940668170213
0.7125767172240266,0.06812122830102524
0.7025614918078728,0.06990535441148488
0.692540402446392,0.07165160943369411
0.6825135444422223,0.07335979390984503
0.6724810134464346,0.07502968414676943
0.6624429056909473,0.07666103183660013
0.6523993182244573,0.07825356365306711
0.6423503491521423,0.07980698082126292
0.6322960978794099,0.08132095865849276
0.62223666536,0.08279514608357497
0.6121721543487788,0.08422916509167994
0.6021026696595988,0.08562261019148457
0.5920283184286397,0.08697504780106607
0.5819492103836909,0.088286015598564
0.571865458119886,0.08955502182319082
0.5617771773824617,0.09078154452166429
0.5516844873571706,0.09196503073456007
0.5415875109690625,0.09310489561642844
0.5314863751904211,0.09420052148277366
0.521381211358747,0.09525125677614288
0.5112721555057829,0.0962564149425964
0.5011593486986999,0.09721527320871282
0.4910429373947118,0.09812707124799228
0.48092307381054006,0.09899100972403782
0.4707999163083481,0.09980624869617166
0.46067362979997717,0.10057190587114957
0.4505443861715691,0.10128705468231125
0.44041236473095746,0.10195072217479204
0.43027775268054774,0.10256188667224209
0.4201407456188098,0.10311947519676146
0.4100015480739779,0.10362236060935134
0.39971060185162216,0.10405796927166555
0.38941437553590563,0.10441314492905382
0.37911502948773845,0.1046865606259856
0.36881308747517344,0.10487682513422594
0.35850909878378473,0.10498247677662431
0.34820363987463676,0.10500197805642114
0.3378973162026765,0.10493370957532684
0.3275907642210505,0.1047759631234208
0.31728465360178754,0.10452693380066494
0.30697968970936157,0.10418471100106078
0.29667661637117937,0.10374726805469132
0.2863762189984184,0.10321245027805499
0.27607932812242114,0.10257796112654494
0.26578682342675247,0.10184134607105562
0.25549963837402184,0.1009999737286284
0.245218765550994,0.10005101365809912
0.23494526288720038,0.09899141007662832
0.2246802609437811,0.09781785054881649
0.21442497152425524,0.09652672842843728
0.20418069793253338,0.09511409746721627
0.19394884730328804,0.09357561650694596
0.18373094556693353,0.09190648148334142
0.17352865580267585,0.09010134100609848
0.16334380100400883,0.08815419040693588
0.1531783926717296,0.0860582371577473
0.14303466722411953,0.08380572761993804
0.1329151330775459,0.08138772064266901
0.12282263258089535,0.07879378664839251
0.11276042509329483,0.07601159989487549
0.1027323009354984,0.073026373619275
0.09274274177390432,0.0698200571448912
0.08279715329255452,0.06637015963996692
0.07290221511992954,0.06264796371079258
0.06306643061699022,0.05861569099262251
0.05330103883601781,0.05422175385498565
0.04362163581310066,0.04939222891508413
0.03405133497315996,0.04401406611459613
0.024627778308772365,0.037897447584678584
0.015422101880873828,0.03067285034888842
0.006612505677991474,0.021386958369487195
0.0,0.0
0.013387494322008527,-0.01789435667141604
0.024577898119126175,-0.02377390754418616
0.03537222169122763,-0.027678424264785256
0.045948665026840044,-0.030561222870951782
0.056378364186899343,-0.03279182633912882
0.06669896116398218,-0.034560052538159414
0.0769335693830098,-0.03597895152636538
0.08709778488007046,-0.037122446686544616
0.09720284670744547,-0.03804212564916817
0.10725725822609569,-0.038775766778981695
0.1172676990645016,-0.039352087469694805
0.12723957490670518,-0.03979357855306463
0.13717736741910466,-0.04011829070579105
0.14708486692245412,-0.040341010690716966
0.15696533277588046,-0.04047406425007548
0.1668216073282704,-0.04052788096141427
0.1766561989959912,-0.04051140197557242
0.18647134419732414,-0.04043238093114465
0.19626905443306647,-0.04029761035623723
0.20605115269671198,-0.04011309491913148
0.2158193020674666,-0.03988418601013155
0.22557502847574476,-0.03961568769352235
0.23531973905621892,-0.03931194112751139
0.2450547371127996,-0.0389768925603731
0.254781234449006,-0.038614148638333845
0.2645003616259782,-0.038227021796793104
0.27421317657324756,-0.037818567818590346
0.2839206718775789,-0.037391617144889706
0.29362378100158154,-0.03694880115864989
0.3033233836288206,-0.036492574388976365
0.3130203102906384,-0.03602523338047603
0.3227153463982125,-0.03554893281665045
0.33240923577894954,-0.0350656993674166
0.34210268379732356,-0.03457744363877298
0.3517963601253632,-0.034085970530757674
0.36149090121621524,-0.03359298825329127
0.37118691252482655,-0.03310011620466336
0.38088497051226156,-0.03260889188163353
0.3905856244640944,-0.03212077696135234
0.4002893981483779,-0.031637162672054665
0.4099984519260221,-0.031159373249059576
0.41985925438119015,-0.030677756196587858
0.42972224731945224,-0.030183053889646226
0.43958763526904254,-0.029676393467233476
0.4494556138284309,-0.029158847907249548
0.45932637020002287,-0.028631438886044316
0.46920008369165184,-0.028095139358482422
0.4790769261894599,-0.027550875891224146
0.4889570626052882,-0.026999530777513735
0.49884065130130006,-0.026441943958028985
0.5087278444942172,-0.02587891476916685
0.518618788641253,-0.025311203537427156
0.528513624809579,-0.024739533036231352
0.5384124890309375,-0.024164589819519106
0.5483155126428295,-0.023587025444743268
0.5582228226175384,-0.023007457596399612
0.5681345418801139,-0.0224264711199378
0.5780507896163091,-0.021844618974782216
0.5879716815713603,-0.021262423114215112
0.5978973303404012,-0.02068037529902398
0.6078278456512212,-0.020098937851069303
0.61776333464,-0.019518544352273855
0.6277039021205901,-0.018939600293960728
0.6376496508478577,-0.018362483680959534
0.6476006817755428,-0.017787545594451958
0.6575570943090527,-0.017215110717132758
0.6675189865535655,-0.016645477823909405
0.6774864555577778,-0.01607892024105192
0.6874595975536079,-0.01551568627642749
0.6974385081921272,-0.014955999623204316
0.7074232827759733,-0.014400059739190296
0.7174140164884727,-0.013848042203772379
0.7274108046196791,-0.013300099054245187
0.7374137427895174,-0.012756359103159188
0.7474229271682028,-0.01221692823817426
0.7574384546940923,-0.011681889705775324
0.7674604232891095,-0.011151304380092562
0.777488932071874,-0.010625211017960278
0.7875240815686511,-0.0101036265012573
0.7975659739222316,-0.00958654606748223
0.8076147130988393,-0.00907394352944189
0.8176704050931547,-0.008565771484858934
0.8277331581315406,-0.00806196151663973
0.8378030828735388,-0.007562424384487482
0.8478802926117118,-0.007067050208489446
0.8579649034698891,-0.006575708645260194
0.8680570345998745,-0.006088249057178172
0.8781568083766691,-0.005604500675210991
0.8882643505922545,-0.005124272755790126
0.8983797906479826,-0.004647354732158533
0.9085032617456078,-0.004173516360586899
0.9186349010770016,-0.003702507861821608
0.9287748500125796,-0.0032340600581052953
0.9389232542884711,-0.0027678845060834434
0.9490802641924598,-0.0023036736258894956
0.9592460347487183,-0.001841100826680141
0.9694207259013601,-0.0013798206288739875
0.9796045026968282,-0.0009194687833280024
0.9897975354651395,-0.00045966238767123
1.0,1.933650259696187e-17
