2D: iter16
1.0,-1.6832689504229477e-17
0.9902438122094384,0.0031401583066427733
0.9804787201128702,0.006242103100076106
0.9707048890691085,0.009306180616898623
0.9609224790180917,0.012332721028130246
0.9511316446286763,0.015322038334433026
0.9413325354473352,0.018274430258906717
0.9315252960477713,0.021190178137279723
0.9217100661814509,0.02406954680530316
0.9118869809290702,0.02691278448314175
0.9020561708529605,0.029720122656539977
0.8922177621504467,0.0324917759545246
0.88237187680817,0.03522794202338697
0.8725186327573894,0.03792880139666984
0.8626581440302773,0.040594517360859485
0.8527905209172262,0.04322523581646415
0.842915870125186,0.04582108513413139
0.8330342949370521,0.04838217600543227
0.8231458953721282,0.050908601287907695
0.813250768347689,0.053400435843941614
0.8033490078416695,0.055857736372989145
0.7934407050565151,0.05828054123664796
0.7835259485842218,0.0606688702760205
0.7736048245726082,0.06302272462076494
0.7636774168928563,0.06534208648918327
0.7537438073083698,0.06762691897863818
0.7438040756449945,0.06987716584552629
0.7338582999626609,0.07209275127396977
0.7239065567285019,0.07427357963230892
0.7139489209915164,0.07641953521639877
0.703985466558847,0.07853048197861665
0.6940162661737512,0.08060626324138778
0.684041391695355,0.08264670139392152
0.6740609142802789,0.08465159757072463
0.6640749045662471,0.08662073131031775
0.6540834328577905,0.08855386019242598
0.6440865693141721,0.0904507194517381
0.634084384139675,0.09231102156613646
0.6240769477764072,0.09413445581707988
0.6140643310997925,0.09592068781957702
0.6040466056169387,0.09766935901891502
0.5940238436680881,0.09938008615099565
0.5839961186313861,0.1010524606627853
0.5739635051312192,0.10268604808898929
0.5639260792504114,0.10428038738061507
0.5538839187465946,0.10583499018058277
0.5438371032731061,0.10734934004096598
0.5337857146048068,0.1088228915757888
0.5237298368692626,0.11025506954255693
0.5136695567837791,0.11164526784484116
0.5036049638988471,0.11299284844724874
0.4935361508486177,0.11429714019298132
0.48346321360910843,0.11555743751287446
0.4733862517649336,0.11677299901329596
0.46330536878545,0.11794304592852708
0.45322067231133645,0.11906676042120358
0.4431322744527593,0.1201432837120081
0.4330402921004399,0.12117171401700644
0.42294484725112846,0.12215110426773333
0.4128460673492084,0.12308045958525335
0.40274408564641534,0.12395873447482893
0.3926390415819586,0.12478482970236604
0.38253108118569656,0.1255575888072889
0.3724203575074443,0.12627579419867913
0.3623070310760069,0.12693816277210332
0.35219127039214543,0.12754334097316358
0.34207325246042447,0.12808989921995842
0.33195316336578945,0.12857632557970905
0.3218311989018151,0.12900101857399973
0.31170756525890775,0.12936227896134433
0.30158247978239894,0.12965830031378042
0.29145617181251876,0.12988715816409302
0.28132888362080116,0.13004679744970163
0.27120087146070115,0.13013501791498958
0.26107240675430005,0.1301494570515561
0.25094377744220986,0.13008757004956845
0.24081528953055573,0.12994660609482028
0.23068726887772695,0.129723580163697
0.22056006327520344,0.12941523922559287
0.21043404489223186,0.12901802143582736
0.20030961317498894,0.1285280064573336
0.19018719831938175,0.12794085443531025
0.18006726547617044,0.1272517302886647
0.16888505116661015,0.12640400815200709
0.15634705216271425,0.12497789586245757
0.1439242594650966,0.12288305722213674
0.13164498717814116,0.120122849877136
0.11953660513323891,0.11670223936391955
0.10762534654669594,0.11262708922613537
0.09593635906906954,0.10790328969458812
0.08449405480065852,0.10253571423557509
0.07332283379553622,0.09652695449724091
0.06244830569922089,0.08987571045999262
0.05189924742229022,0.08257457073950358
0.0417107862994594,0.07460662449494967
0.03192988844870878,0.06593967229584186
0.022625773119040075,0.05651504000019998
0.013912594762899955,0.046222539788753514
0.006010144647720046,0.0348315373224055
-0.0005221180110141464,0.021717574372965013
0.0,0.0
0.020522118011014147,-0.006161048450829181
0.033989855352279955,-0.004637454702130299
0.046087405237100046,-0.002309869694335418
0.05737422688095993,0.00019724834436455826
0.06807011155129122,0.0026532650748726586
0.0782892137005406,0.004947992677918338
0.0881007525777098,0.00702275701152149
0.09755169430077912,0.008845358645193008
0.10667716620446377,0.010398886738108855
0.11550594519934149,0.01167592990594233
0.12406364093093046,0.012675188129100477
0.13237465345330404,0.013399253055727929
0.1404633948667611,0.013852998152121987
0.14835501282185887,0.014042313649087347
0.1560757405349034,0.013973063090271909
0.16365294783728576,0.013650212012139909
0.17111494883338987,0.013077118060782787
0.17993273452382955,0.012306966223718789
0.18981280168061826,0.011573964300334381
0.19969038682501108,0.010901994809063988
0.20956595510776813,0.010286222668814897
0.21943993672479656,0.009722308024785888
0.22931273112227307,0.009206330539910018
0.23918471046944426,0.00873472836950677
0.2490562225577901,0.008304248482970442
0.25892759324569997,0.00791190585668642
0.2687991285392989,0.007554949676448319
0.2786711163791989,0.007230835132423424
0.2885438281874812,0.006937199716210943
0.29841752021760104,0.006671843172194297
0.30829243474109225,0.006432710437792907
0.3181688010981849,0.0062178770457918045
0.3280468366342106,0.006025536568228504
0.3379267475395756,0.005853989763617007
0.3478087296078545,0.005701635153541489
0.35769296892399305,0.0055669608052231825
0.3675796424925557,0.005448537136760551
0.37746891881430344,0.005345010593755757
0.3873609584180414,0.00525509807177537
0.3972559143535847,0.005177581979901022
0.40715393265079153,0.005111305857556925
0.4170551527488715,0.005055170470649031
0.42695970789956006,0.005008130324439815
0.4368677255472407,0.004969190539993798
0.4467793276886636,0.004937404048845739
0.45669463121455006,0.00491186906706146
0.46661374823506635,0.004891726815323537
0.47653678639089153,0.004876159456267848
0.4864638491513823,0.004864388224175523
0.4963950361011528,0.0048556717254144635
0.5063304432162209,0.004849304390820118
0.5162701631307375,0.004844615063594286
0.5262142853951932,0.004840965708344067
0.536162896726894,0.004837750228640358
0.5461160812534055,0.00483439338198878
0.5560739207495887,0.0048303497824135275
0.5660364948687807,0.004825102981988114
0.5760038813686138,0.004818164623632673
0.5859761563319118,0.004809073658354673
0.5959533943830613,0.004797395620859443
0.6059356689002074,0.004782721958113377
0.6159230522235928,0.004764669406018225
0.625915615860325,0.004742879409861102
0.635913430685828,0.0047170175846507414
0.6459165671422096,0.004686773211845886
0.655925095433753,0.004651858769328943
0.6659390857197212,0.004612009491788666
0.675958608304645,0.0045669829589501665
0.6859837338262487,0.004516558709334088
0.6960145334411529,0.004460537877447164
0.7060510790084835,0.00439874285249877
0.716093443271498,0.004331016956914097
0.726141700037339,0.0042572241430705385
0.7361959243550055,0.004177248706823081
0.7462561926916302,0.004090995016512063
0.7563225831071437,0.003998387256259582
0.7663951754273919,0.0038993691824623193
0.7764740514157783,0.003793903892482936
0.786559294943485,0.0036819736046234397
0.7966509921583306,0.003563579448541996
0.8067492316523112,0.003438741265341057
0.8168541046278717,0.0033074974166183123
0.8269657050629479,0.003169904601828824
0.837084129874814,0.003026037683356575
0.8472094790827738,0.002875989518742461
0.8573418559697227,0.0027198707995575513
0.8674813672426106,0.002557809896449402
0.87762812319183,0.002389952709926268
0.8877822378495533,0.002216462526474408
0.8979438291470395,0.0020375198796365804
0.9081130190709299,0.0018533224157041336
0.9182899338185492,0.001664084763703829
0.9284747039522288,0.0014700384093801581
0.9386674645526647,0.0012714315728978732
0.9488683553713236,0.0010685290900080135
0.9590775209819082,0.0008616122964390256
0.9692951109308915,0.0006509789152906592
0.9795212798871298,0.00043694294722496996
0.9897561877905616,0.0002198345632618737
1.0,1.6832689504229477e-17
