2D: iter2
1.0,-1.785119867197682e-17
0.9902951501769153,0.0034803101150142034
0.9805710470876946,0.006891680571140986
0.9708279983076229,0.010234351867971921
0.9610663037913624,0.013508549533298879
0.9512862562329599,0.01671448395070569
0.9414881414313955,0.019852350188149535
0.9316722386616277,0.02292232782746806
0.9218388210510876,0.025924580794732442
0.9119881559615778,0.028859257191350057
0.9021205053765322,0.03172648912580152
0.8922361262935941,0.03452639254587685
0.8823352711224745,0.03725906707125387
0.8724181880880552,0.039924595826240125
0.8624851216387038,0.04252304527247131
0.8525363128597776,0.04505446504133623
0.842571999892294,0.047518887765864964
0.8325924183567586,0.049916328911788835
0.8225978017821447,0.05224678660744307
0.8125883820400334,0.05451024147214873
0.8025643897839302,0.05670665644266849
0.7925260548937929,0.058835976597287065
0.7824736069258126,0.06089812897702128
0.7724072755675137,0.06289302240341035
0.7623272910982533,0.06482054729228245
0.7522338848552236,0.0666805754628324
0.7421272897050823,0.06847295994127564
0.7320077405213646,0.07019753475827367
0.7218754746678593,0.07185411473924193
0.711730732488164,0.0734424952865658
0.701573757801671,0.0749624521526506
0.6914047984062776,0.07641374120262576
0.6812241065881587,0.07779609816540496
0.6710319396389911,0.07910923837167291
0.6608285603810772,0.08035285647722461
0.6506142377008739,0.0815266261699238
0.6403892470915117,0.08263019985836628
0.6301538712049585,0.08366320834013799
0.6199666520992243,0.08462758117584533
0.6098737165796666,0.0855479760709294
0.5997773174442127,0.086430835200659
0.5896775628923953,0.08727576064041957
0.5795745643584483,0.08808232768558982
0.5694684367713437,0.08885008420697096
0.5593592988227626,0.08957854995527458
0.5492472732437486,0.09026721580955119
0.5391324870908777,0.09091554296383156
0.5290150720428756,0.09152296204555993
0.5188951647087285,0.09208887215860662
0.5087729069484628,0.09261263984273972
0.49864844620791293,0.09309359794039619
0.488521935868971,0.09353104436039182
0.47839353561699993,0.09392424072683024
0.46826341182732223,0.09427241089986829
0.4581317379729521,0.0945747393531404
0.4479986950560415,0.09483036939048153
0.4378644720658617,0.09503840118206541
0.4277292664665495,0.09519788959711675
0.4175932847183303,0.09530784180688018
0.40745674283649136,0.09536721462742637
0.3973198669930486,0.09537491156701992
0.38718289416683577,0.09532977953699712
0.3770460728486886,0.09523060517821008
0.3669096638095169,0.09507611074682788
0.3567739409404068,0.09486494949333359
0.3466391921755205,0.09459570045651175
0.336505720510533,0.09426686257957702
0.3263738451317456,0.09387684803768805
0.31624390267396024,0.09342397464408542
0.3061162486288226,0.09290645717487397
0.2959912589298434,0.09232239741861137
0.2858693317459193,0.09166977271445433
0.2757508895222328,0.09094642268912471
0.2656363813163519,0.09015003383499229
0.25552628548875783,0.08927812148451565
0.2454211128217216,0.08832800862383293
0.2353214101595376,0.08729680084170399
0.22522776468815955,0.08618135651704041
0.215140809005487,0.08497825109154664
0.205061227178069,0.08368373392857191
0.1949897620404365,0.0822936757887036
0.1849272240764434,0.08080350430291282
0.17487450233812596,0.07920812391374067
0.16483257802236234,0.07750181545888114
0.15480254156358697,0.07567810869309297
0.1447856144512966,0.07372961826814801
0.13478317750866395,0.07164782949680472
0.12479680818239282,0.06942281373488408
0.11482833068444616,0.06704284288445635
0.10487988493800796,0.06449385555517673
0.09495402386274714,0.06175869853298479
0.08505385487355868,0.05881601590656867
0.07518325325236488,0.05563856247959554
0.06534719830223963,0.052190528560242797
0.055552332508583366,0.048423059679433667
0.04580795850714666,0.044266213660760445
0.036127988328912064,0.03961312633636036
0.02653528125801016,0.03428452464440843
0.01707341691722868,0.027931707041059246
0.007852532915599498,0.0196557949334213
0.0,0.0
0.012147467084400503,-0.017313339677664855
0.02292658308277132,-0.023284658400095866
0.033464718741989835,-0.027370744488787617
0.04387201167108794,-0.030470476536631604
0.054192041492853345,-0.03293255608747325
0.06444766749141663,-0.03493625620313755
0.07465280169776038,-0.036588441051487244
0.08481674674763512,-0.03795905280893005
0.09494614512644131,-0.03909694594454276
0.10504597613725287,-0.04003793015014794
0.11512011506199205,-0.04080925062207846
0.12517166931555385,-0.04143226327164615
0.13520319181760718,-0.04192412131291147
0.14521682249133608,-0.042298886136219176
0.1552143855487034,-0.04256828583949906
0.16519745843641304,-0.042742249066930096
0.17516742197763768,-0.04282929050575386
0.18512549766187403,-0.04283679550419847
0.1950727759235566,-0.04277123430750521
0.20501023795956352,-0.04263832607798007
0.214938772821931,-0.04244316637308197
0.22485919099451301,-0.0421903275618398
0.23477223531184047,-0.041883938883666164
0.2446785898404624,-0.04152775097521184
0.25457888717827837,-0.041125188394772375
0.2644737145112422,-0.0406793927634362
0.2743636186836481,-0.04019325849244343
0.28424911047776724,-0.03966946259565597
0.2941306682540807,-0.03911048974061519
0.3040087410701566,-0.03851865343495134
0.3138837513711774,-0.03789611405194254
0.32375609732603977,-0.037244894252432104
0.3336261548682544,-0.036566892247862345
0.34349427948946704,-0.035863893262128424
0.35336080782447943,-0.03513757948198978
0.36322605905959315,-0.034389538732287714
0.3730903361904831,-0.033621272069807626
0.38295392715131144,-0.032834200455764954
0.39281710583316426,-0.03202967063967662
0.40268013300695144,-0.03120896036537353
0.4125432571635086,-0.030373282992003592
0.4224067152816697,-0.029523791608230536
0.43227073353345047,-0.028661582705789744
0.4421355279341383,-0.027787699468610517
0.4520013049439585,-0.02690313472544828
0.46186826202704795,-0.02600883360707828
0.4717365881726777,-0.025105695943326824
0.48160646438300003,-0.024194578430358896
0.49147806413102896,-0.023276296594540113
0.5013515537920871,-0.022351626575713615
0.5112270930515372,-0.021421306749775784
0.5211048352912715,-0.020486039207910818
0.5309849279571245,-0.019546491107681786
0.5408675129091224,-0.01860329590932055
0.5507527267562515,-0.017657054508956833
0.5606407011772375,-0.016708336279146363
0.5705315632286562,-0.015757680025858402
0.5804254356415516,-0.014805594870042418
0.5903224371076047,-0.013852561060986812
0.6002226825557873,-0.012899030727890407
0.6101262834203334,-0.011945428575374457
0.6200333479007757,-0.01099215252805355
0.6298461287950415,-0.010045949907712223
0.6396107529084883,-0.009130621085976662
0.6493857622991261,-0.008248725722752148
0.6591714396189229,-0.00740063302045274
0.668968060361009,-0.006586690570482633
0.6787758934118414,-0.005807224684978088
0.6885952015937223,-0.005062540708144103
0.6984262421983289,-0.004352923309295979
0.7082692675118359,-0.0036786367595200292
0.7181245253321407,-0.0030399251936868155
0.7279922594786353,-0.0024370128593910467
0.7378727102949176,-0.0018701043542473095
0.7477661151447764,-0.0013393848528401794
0.7576727089017468,-0.0008450203245081514
0.7675927244324864,-0.0003871577430357778
0.7775263930741875,3.40747107717386e-05
0.7874739451062072,0.0004185674527425916
0.7974356102160699,0.0007662293044159892
0.8074116179599667,0.0010769873068087604
0.8174021982178552,0.0013507865382056325
0.8274075816432414,0.0015875899353692546
0.8374280001077059,0.0017873781176206797
0.8474636871402224,0.0019501492132951784
0.8575148783612961,0.002075918688124026
0.8675818119119448,0.002164719175137341
0.8776647288775256,0.0022166003057238967
0.887763873706406,0.0022316285415194155
0.8978794946234678,0.0022098870068314232
0.9080118440384223,0.002151475321337755
0.9181611789489125,0.0020565094328284152
0.9283277613383724,0.0019251214497840417
0.9385118585686044,0.0017574594736120205
0.94871374376704,0.0015536874303834752
0.9589336962086376,0.001313984901936083
0.969172001692377,0.0010385469562270225
0.9794289529123054,0.0007275839768401235
0.9897048498230847,0.0003813214915672585
1.0,1.785119867197682e-17
