2D: iter13
1.0,-2.5554348314264393e-17
0.9902714533775275,0.0034501240881599196
0.9805316642552707,0.006854912445836969
0.9707808441567234,0.010214905257749941
0.9610191978451315,0.013530617988422672
0.9512469235282291,0.01680254124016062
0.9414642130640638,0.02003114060719793
0.9316712521679283,0.023216856525739994
0.9218682206204192,0.026360104119606598
0.9120552924766419,0.029461273041160495
0.9022326362765849,0.032520727307182175
0.8924004152566902,0.035538805129326445
0.8825587875626456,0.03851581873876938
0.8727079064634297,0.04145205420462614
0.8628479205666434,0.044347771245684106
0.8529789740351634,0.047203203034966314
0.8431012068051577,0.050018555996596825
0.833214754805504,0.052794009594403016
0.8233197501786631,0.055529716111640745
0.813416321503053,0.05822580042118167
0.8035045940169833,0.060882359745447576
0.793584689844211,0.06349946340531629
0.7836567282211837,0.06607715255716254
0.7737208257260418,0.06861543991712227
0.7637770965094642,0.07111430947159453
0.7538256525274383,0.07357371617290936
0.7438666037760547,0.07599358561899408
0.7339000585284274,0.07837381371577049
0.7239261235738548,0.08071426632089816
0.713944904459344,0.08301477886735616
0.7039565057336378,0.08527515596521368
0.693961031193889,0.08749517097978736
0.6839585841351503,0.08967456558421244
0.673949267602855,0.09181304928426344
0.6639331846484875,0.09391029891304978
0.65391043858866,0.09596595809297703
0.6438811332678321,0.0979796366620995
0.6338453733249365,0.09995091006169969
0.6238032644641993,0.10187931868159864
0.6137549137304733,0.10376436715933333
0.6037004297894369,0.10560552362892506
0.5936399232130489,0.10740221891449345
0.5835735067706893,0.10915384566344831
0.5735012957264676,0.11085975741339578
0.5634234081432288,0.1125192675862228
0.5533399651938505,0.11413164840206233
0.5432510914804931,0.11569612970497346
0.5331569153625373,0.11721189769118169
0.5230575692940385,0.1186780935295961
0.5129531901716199,0.12009381186302708
0.5028439196938457,0.12145809917704459
0.4927299047332431,0.12276995202170715
0.48261129772229283,0.124028315069424
0.4724882570548807,0.12523207898992902
0.4623609475049001,0.12638007812070068
0.4522295406639276,0.12747108790807957
0.4420942154001609,0.12850382209073846
0.43195515834111786,0.12947692959294488
0.42181256438296394,0.13038899109010005
0.4116666372297588,0.13123851520319432
0.401517589966419,0.1320239342718951
0.39136564566978665,0.13274359964775417
0.3812110380629025,0.13339577643919795
0.371054012218422,0.1339786376281857
0.36089482531812067,0.13449025746423907
0.35073374747665015,0.1349286040243832
0.3405710626391692,0.13529153080667305
0.33040706956425697,0.13557676719946413
0.32024208290569356,0.1357819076372305
0.31007643440936633,0.13590439921495415
0.29953687171487936,0.13592955671806253
0.2886787537614454,0.1357928907390921
0.2778232901647708,0.1354826126845572
0.26697283746104045,0.13499549159239682
0.25612988010231924,0.1343280986245639
0.24529704100738084,0.13347677986158996
0.2344770939385697,0.13243762388543917
0.22367297812675005,0.1312064229405347
0.21288781568339177,0.12977862611607194
0.2021249324953306,0.12814928252579072
0.19138788350966504,0.12631297182479892
0.18068048360714464,0.12426371852349286
0.17000684566759267,0.12199488532543251
0.15937142800444043,0.11949903895902071
0.1487790941717624,0.11676777942480729
0.13823518936122292,0.11379151981194252
0.12774563942927802,0.11055919814136408
0.11731708139988195,0.10705789387042795
0.10695703872439717,0.10327230764451284
0.09667416182111847,0.09918403979506274
0.08647856666846986,0.09477056375123889
0.07638232584441393,0.09000372064425972
0.06640020648452412,0.08484743089582275
0.056550828472271115,0.07925406005381337
0.04685858291394891,0.07315832538055614
0.037357037157972256,0.0664663444640937
0.028095559548549358,0.05903405043793171
0.01915398441393191,0.05061876245156033
0.01068218544448166,0.04074662935033699
0.003053155149572972,0.02819178872579282
0.0,0.0
0.01694684485042703,-0.02263182945631177
0.02931781455551834,-0.02981180007386006
0.04084601558606809,-0.0344941524305727
0.051904440451450644,-0.03790474893491856
0.06264296284202775,-0.04051744074154019
0.07314141708605108,-0.04257490870094745
0.0834491715277289,-0.044221219679634674
0.09359979351547588,-0.04555025608955923
0.10361767415558606,-0.04662730066839656
0.11352143333153016,-0.04749998786826125
0.12332583817888153,-0.04820439726745579
0.13304296127560283,-0.048768687734761756
0.14268291860011806,-0.04921538584101791
0.152254360570722,-0.04956289125478027
0.16176481063877707,-0.04982650333067012
0.1712209058282376,-0.050019142611331426
0.1806285719955596,-0.050151871075826596
0.18999315433240732,-0.0502342756350053
0.19931951639285536,-0.050274756288317755
0.20861211649033498,-0.05028074630736109
0.2178750675046694,-0.05025888298857533
0.22711218431660823,-0.05021514182156413
0.23632702187324997,-0.05015494315121968
0.2455229060614303,-0.05008323786380216
0.2547029589926192,-0.05000457687011607
0.2638701198976808,-0.04992316792573833
0.2730271625389596,-0.04984292244870473
0.28217670983522924,-0.04976749435848378
0.29132124623855454,-0.049700312493122505
0.3004631282851206,-0.04964460781468197
0.30992356559063367,-0.049596326473546885
0.31975791709430645,-0.04950820591838265
0.32959293043574306,-0.04937321505056905
0.33942893736083085,-0.04919390677512409
0.3492662525233498,-0.048972686657573705
0.3591051746818793,-0.04871182530956241
0.368945987781578,-0.04841346923303524
0.3787889619370975,-0.04807965035096701
0.38863435433021337,-0.047712294413836134
0.39848241003358104,-0.047313228439683296
0.4083333627702411,-0.046884187320082114
0.41818743561703603,-0.04642681970348078
0.4280448416588821,-0.04594269325021191
0.4379057845998391,-0.04543329933928518
0.4477704593360724,-0.04490005729529928
0.45763905249509995,-0.04434431819398678
0.46751174294511927,-0.043767368296674845
0.47738870227770713,-0.04317043215702288
0.4872700952667569,-0.042554675437552474
0.4971560803061543,-0.041921207468529696
0.5070468098283801,-0.04127108357754532
0.5169424307059616,-0.040605307214540816
0.5268430846374628,-0.03992483189394626
0.536748908519507,-0.03923056297295123
0.5466600348061496,-0.038523359282646656
0.5565765918567713,-0.037804034626807016
0.5664987042735323,-0.037073359161373234
0.5764264932293106,-0.036332060666212376
0.586360076786951,-0.03558082571943747
0.596299570210563,-0.0348203007834424
0.6062450862695267,-0.034051093210817354
0.6161967355358007,-0.0332737721774427
0.6261546266750635,-0.032488869549297125
0.6361188667321679,-0.03169688068884366
0.64608956141134,-0.030898265206261287
0.6560668153515126,-0.030093447660267482
0.6660507323971451,-0.029282818212807926
0.6760414158648498,-0.02846673324147707
0.6860389688061109,-0.027645515913165494
0.6960434942663621,-0.026819456722098647
0.7060550955406559,-0.025988813995141344
0.7160738764261452,-0.025153814366976893
0.7260999414715725,-0.02431465322753615
0.7361333962239452,-0.023471495143840004
0.7461743474725617,-0.022624474258228926
0.7562229034905358,-0.02177369466478104
0.7662791742739582,-0.020919230765569126
0.7763432717788163,-0.020061127608263077
0.786415310155789,-0.019199401206463875
0.7964954059830168,-0.018334038844035543
0.8065836784969471,-0.017464999364603384
0.8166802498213368,-0.016592213447289544
0.8267852451944959,-0.01571558386967226
0.8368987931948423,-0.014834985758879874
0.8470210259648365,-0.013950266831656524
0.8571520794333566,-0.013061247624174828
0.8672920935365703,-0.012167721712310724
0.8774412124373544,-0.011269455923041188
0.8875995847433098,-0.01036619053757883
0.8977673637234151,-0.009457639486808484
0.9079447075233582,-0.008543490539554083
0.9181317793795809,-0.007623405484160821
0.9283287478320718,-0.006697020303848203
0.9385357869359361,-0.005763945346253456
0.9487530764717708,-0.004823765487556842
0.9589808021548685,-0.0038760402915529422
0.9692191558432766,-0.002920304164007611
0.9794683357447292,-0.0019560665026153966
0.9897285466224724,-0.000982811842852456
1.0,2.5554348314264393e-17
