2D: iter5
1.0,-1.4293849018570266e-17
0.9806656048645562,0.007944162638539212
0.9612767039733515,0.015670592801596578
0.9418350187890195,0.023180960670412667
0.9223421653769458,0.03047673158869107
0.9027996617603459,0.037559161354150855
0.8832089354900093,0.04442929142712581
0.8635713314294741,0.0510879440378674
0.8438881197567453,0.057535717170121736
0.8241605041841725,0.06377297939371855
0.804389630398785,0.06979986451318983
0.784576594726295,0.0756162659926354
0.7647224530231674,0.08122183110895177
0.7448282298026598,0.08661595477584225
0.7248949276026675,0.09179777296937797
0.7049235366056167,0.09676615567181629
0.6849150445236772,0.10151969923332721
0.6648704467663494,0.10605671803047861
0.6447907569121982,0.11037523527482303
0.6246770175124096,0.1144729727934582
0.604530311261229,0.11834733956435586
0.5843517725776146,0.12199541874039353
0.5641425996541339,0.12541395283449905
0.5439040670439486,0.1285993266602367
0.5236375388756346,0.131547547522261
0.5033444828098439,0.13425422202212534
0.48302648488321925,0.13671452867695746
0.46268526542597893,0.1389231853274958
0.4423226962936585,0.1408744100180446
0.4219408197255702,0.14256187363546013
0.4015418692397709,0.1439786420556065
0.3811282931072186,0.14511710480194528
0.36070278113206494,0.14596888617872195
0.3402682957246308,0.146524733357076
0.3192771669820103,0.146729550302096
0.29741998873011194,0.14613582515410134
0.275579793171883,0.1446213647048133
0.2537814914777821,0.1421741701430022
0.23205170053064247,0.13878200255803197
0.21041888073021098,0.13443187042401675
0.18891363628598282,0.12910926708039683
0.16756926911732048,0.12279704044991377
0.14642273688426471,0.11547368591202636
0.12551628374058463,0.1071106698005345
0.10490026380772627,0.09766799740626653
0.08463826137549922,0.08708631705262258
0.06481713458722911,0.07527142067192463
0.045569270815530145,0.06205946350397401
0.027132486097678175,0.047121458534483115
0.01008066252211182,0.029585975790607087
0.0,0.0
0.02991933747788818,-0.007483368973406403
0.052867513902321826,-0.004307267817984607
0.07443072918446986,7.528819391945316e-05
0.09518286541277089,0.004792869089460958
0.11536173862450079,0.009516487854352274
0.13509973619227372,0.014082299728394698
0.1544837162594154,0.018396096643910273
0.1735772631157353,0.022398526924299084
0.1924307308826795,0.026049595860389484
0.2110863637140172,0.02932076978598143
0.22958111926978902,0.0321905440805336
0.2479482994693575,0.03464176666678763
0.2662185085222179,0.03665993088418377
0.28442020682811703,0.03823204520683622
0.30258001126988804,0.03934587072410885
0.3207228330179897,0.039989408624772
0.33973170427536925,0.040238075275902195
0.35929721886793503,0.040426601294848964
0.37887170689278143,0.04058030164408848
0.3984581307602291,0.04068992349476034
0.4180591802744298,0.04074709115110994
0.4376773037063415,0.04074419413659899
0.4573147345740211,0.0406742983270914
0.4769735151167807,0.0405310746094436
0.49665551719015605,0.040308741027959775
0.5163624611243655,0.040002015423378376
0.5360959329560515,0.03960607631282713
0.5558574003458662,0.03911653029785939
0.5756482274223853,0.03852938468312976
0.5954696887387709,0.03784102428220245
0.6153229824875904,0.037048191608005356
0.6352092430878018,0.036147969813415934
0.6551295532336506,0.03513776787640593
0.6750849554763229,0.03401530762407314
0.6950764633943832,0.03277861226797014
0.7151050723973325,0.03142599618466464
0.7351717701973401,0.029956055724326747
0.7552775469768326,0.028367660869213815
0.775423405273705,0.02665994759539697
0.7956103696012151,0.02483231081657952
0.8158394958158274,0.02288439780965802
0.8361118802432547,0.02081610203873222
0.8564286685705259,0.018627557308334108
0.8767910645099907,0.016319132188293464
0.8972003382396542,0.013891424662356372
0.9176578346230543,0.011345256960774316
0.9381649812109804,0.00868167054388112
0.9587232960266484,0.005901921209395747
0.9793343951354437,0.0030074743010218524
1.0,1.4293849018570266e-17
