2D: iter7
1.0,-8.925802375526345e-18
0.9804057350309185,0.006886372810006277
0.9607783954541365,0.0135798109261157
0.9411190372688202,0.020081381853201144
0.921428651597034,0.026392024645368047
0.90170816915419,0.03251254703116747
0.881958464845037,0.03844362248337406
0.8621803624857252,0.04418578722141012
0.8423746396527186,0.04973943713194873
0.8225420326596512,0.05510482459021959
0.8026832416636596,0.06028205516097885
0.7827989359032946,0.06527108415387159
0.7628897590708503,0.07007171300287232
0.74295633482287,0.07468358543345292
0.7229992724337675,0.0791061833738745
0.7030191725989604,0.08333882255824362
0.6830166333957413,0.08738064775834975
0.6629922564123847,0.09123062756834242
0.6429466530588285,0.09488754865041168
0.6228804510757919,0.09835000933001738
0.602794301263617,0.10161641240484928
0.5826888844576558,0.10468495700122873
0.5625649187840028,0.10755362927328649
0.54242316723821,0.11022019169153688
0.5222644456408821,0.11268217060513389
0.5020896310385021,0.11493684168162915
0.4818996706365372,0.11698121272321738
0.4616955913762841,0.1188120032205031
0.44147851029909285,0.12042561982135008
0.4212496458844977,0.12181812664552827
0.4010103306066251,0.12298520903961374
0.3807620250323017,0.12392212890230224
0.36050633389387576,0.12462366905970679
0.3402450247241356,0.12508406324375315
0.3199111447314813,0.12529524131380093
0.2987251743475187,0.1249127440616851
0.27754781168759524,0.12367545690174422
0.2563951210379482,0.12157575174507618
0.23528426337096864,0.118605931104309
0.21423356592711645,0.11475791146603206
0.19326269387745496,0.11002274753901957
0.17239298210238624,0.10438992447626233
0.15164802216247006,0.09784628858883458
0.1310546732598342,0.09037437309817441
0.11064482318277151,0.08194963066788058
0.09045859067765809,0.07253551056140496
0.07055061389154395,0.06207380532764091
0.05100398758309575,0.05046300061320466
0.03196776890850401,0.03749883390066022
0.013801349754269167,0.022639451099234195
0.0,0.0
0.026198650245730835,-0.0004530079503349306
0.04803223109149599,0.005449560516236598
0.06899601241690424,0.011822853190788022
0.08944938610845606,0.018125015982545917
0.10954140932234192,0.024151786374074308
0.12935517681722847,0.029801650011989398
0.14894532674016583,0.0350163994451846
0.16835197783752995,0.03975948393711172
0.18760701789761375,0.04400635615136957
0.20673730612254507,0.047739549309396265
0.22576643407288355,0.05094590972226592
0.24471573662903134,0.05361492254296945
0.2636048789620518,0.05573764248028106
0.2824521883124048,0.05730598602079006
0.30127482565248126,0.05831225567712459
0.3200888552685187,0.058748823360382334
0.33975497527586446,0.058827174843466605
0.3594936661061242,0.058831805128845865
0.3792379749676983,0.05875774989244843
0.39898966939337493,0.058599242866200114
0.41875035411550227,0.05835106687621388
0.43852148970090715,0.05800848382118551
0.45830440862371596,0.05756717904769108
0.47810032936346275,0.05702321667550053
0.4979103689614979,0.05637300335247761
0.5177355543591179,0.055613258569226914
0.53757683276179,0.05474099012794307
0.5574350812159973,0.05375347369617775
0.5773111155423442,0.05264823562308496
0.597205698736383,0.051423038379179
0.6171195489242081,0.05007586811859062
0.6370533469411715,0.04860492396764121
0.6570077435876154,0.047008608724020476
0.6769833666042588,0.04528552071318829
0.6969808274010395,0.043434446597334725
0.7170007275662325,0.0414543549706093
0.7370436651771299,0.039344390604801466
0.7571102409291497,0.03710386923401778
0.7772010640967054,0.03473227278651938
0.7973167583363405,0.03222924498777812
0.8174579673403487,0.029594587271768585
0.8376253603472813,0.026828254948135746
0.8578196375142748,0.023930353581635783
0.878041535154963,0.02090113554749843
0.89829183084581,0.017740996732396742
0.9185713484029661,0.01445047335575302
0.9388809627311797,0.011030238890341989
0.9592216045458635,0.007481101064714578
0.9795942649690814,0.003803998932976291
1.0,8.925802375526345e-18
