2D: iter5
1.0,-6.697462986170488e-18
0.980304339869894,0.006497417481568498
0.9605844451929635,0.012815394597810822
0.9408410961829174,0.01895474896853572
0.9210750245536972,0.02491620141672029
0.9012869167651011,0.030700373843679074
0.8814774173567135,0.03630778705884266
0.86164713237058,0.04173885855487054
0.8417966328632489,0.04699390021691398
0.8219264585080329,0.052073115952590926
0.8020371212886587,0.056976599226566296
0.7821291092858815,0.06170433048046125
0.7622028905591571,0.06625617441503572
0.7422589171261156,0.07063187710706556
0.7222976290434066,0.07483106292789823
0.7023194585935029,0.07885323122410422
0.6823248345833252,0.08269775271267205
0.6623141867621288,0.08636386553346981
0.6422879503680674,0.08985067088976376
0.6222465708152862,0.0931571281928526
0.6021905085364672,0.09628204960857578
0.5821202439995724,0.09922409388056017
0.5620362829223564,0.10198175927622993
0.5419391617143237,0.10455337546499094
0.5218294531835789,0.10693709409114123
0.50170777255599,0.109130877743565
0.48157478386697666,0.11113248694544423
0.4614312068030613,0.11293946468349318
0.4412778240924834,0.11454911785825651
0.4211154895737063,0.11595849485138915
0.4009451371104438,0.11716435815297381
0.380767790576193,0.11816315064278839
0.360584575206577,0.11895095363020639
0.34039673072382454,0.11952343406075164
0.320205626789594,0.1198757772875227
0.3000127815642087,0.12000260031297713
0.27900767673045984,0.11957466605357892
0.2579601751125252,0.11816940496692552
0.2369448985665278,0.11577958343279957
0.2159796757829677,0.1123999414189283
0.19508323761459498,0.10802519076480249
0.1742753685938939,0.10264943944229098
0.15357728916394947,0.09626533289527478
0.13301240947157816,0.08886274531559935
0.11260771984476327,0.08042667682770858
0.09239637648350543,0.07093359622744827
0.07242281139030222,0.060344370939649006
0.05275405979595363,0.04858852080806457
0.033510205562275366,0.035521076213316266
0.014981475127227275,0.02075202790453628
0.0,0.0
0.025018524872772726,0.003841606411724815
0.046489794437724635,0.01196230437450481
0.06724594020404637,0.020080718006615383
0.08757718860969778,0.027806838057188712
0.10760362351649458,0.0349956949068461
0.1273922801552367,0.04157680839934132
0.14698759052842186,0.047511045959504984
0.16642271083605054,0.052774876383182845
0.1857246314061061,0.05735329979481883
0.20491676238540504,0.06123619038625844
0.2240203242170323,0.06441619360138261
0.24305510143347217,0.06688741741206022
0.2620398248874748,0.06864457365778198
0.2809923232695402,0.06968240230627523
0.2999872184357913,0.06999672318530212
0.319794373210406,0.06994858085438042
0.3396032692761755,0.06981692421044741
0.359415424793423,0.06959637025596077
0.37923220942380703,0.06928210434401884
0.3990548628895562,0.06886979342014558
0.41888451042629365,0.06835551879371454
0.4387221759075166,0.06773572334450352
0.4585687931969387,0.06700716956259524
0.4784252161330233,0.06616690582964468
0.49829222744401,0.06521223904619644
0.5181705468164212,0.06414071219896485
0.5380608382856764,0.06295008581113182
0.5579637170776437,0.06163832247158163
0.5778797560004275,0.06020357382461225
0.5978094914635328,0.05864416953962958
0.6177534291847138,0.05695860788405777
0.6377120496319326,0.05514554760152371
0.6576858132378712,0.0532038008578668
0.6776751654166749,0.05113232706438581
0.697680541406497,0.048930227424346946
0.7177023709565934,0.04659674007761834
0.7377410828738844,0.04413123574118846
0.7577971094408429,0.041533213761627844
0.7778708907141185,0.03880229851028392
0.7979628787113414,0.035938236063932566
0.818073541491967,0.03294089112333376
0.838203367136751,0.029810244130108535
0.85835286762942,0.026546388548921898
0.8785225826432865,0.023149528287391755
0.898713083234899,0.01961997523066942
0.9189249754463029,0.015958146871414343
0.9391589038170824,0.012164564019057179
0.9594155548070364,0.008239848574912369
0.979695660130106,0.0041847213619570596
1.0,6.697462986170488e-18
