2D: iter1
1.0,-1.3773375950189643e-17
0.9806339937900422,0.007807710470821764
0.9612082343219336,0.015368096088059693
0.9417245117601845,0.02268253453405239
0.9221845159126267,0.029752210708706213
0.902589844715194,0.03657811192554685
0.8829420129986203,0.043161023087617545
0.8632424615358778,0.0495015218307468
0.8434925663693662,0.05559997361765828
0.8236936484172868,0.0614565267616015
0.8038469833593197,0.06707110735250768
0.7839538118027466,0.07244341405194459
0.7640153497315806,0.077572912715147
0.744032799243179,0.0824588307888608
0.7240073595793178,0.08710015142232806
0.7039402384619411,0.0914956072150215
0.6838326637479212,0.09564367350817082
0.6636858954223903,0.09954256110700316
0.6435012379567878,0.1031902082960437
0.6232800530660587,0.10658427197961011
0.6030237729098704,0.10972211774224
0.5827339137958635,0.1126008085771701
0.5624120904595754,0.11521709197242272
0.542060031016793,0.1175673849698815
0.5216795927110458,0.11964775671799745
0.5012727786136136,0.12145390791664429
0.4808417554783372,0.1229811463937096
0.46038887301221937,0.12422435784404079
0.4398687941839974,0.12517614028216464
0.4190992507240585,0.12575232050774698
0.3983088640413288,0.1259046321152622
0.3775032135016608,0.12562564138608256
0.35668838108818834,0.1249073399713091
0.3358710037136836,0.12374105380261313
0.31505833676643513,0.12211732420080038
0.2942583330377899,0.12002575134312155
0.27347974296506283,0.11745478591424041
0.25273224486192825,0.11439144804324028
0.2320266181283985,0.11082094191482622
0.2113749794679285,0.10672611682181743
0.19079111402112886,0.10208669538016765
0.170290954255421,0.096878136199299
0.14989329818829536,0.09106989847137353
0.12962093459618107,0.08462267801715492
0.10950250347148903,0.07748376238168353
0.08957579133482858,0.06957866726309611
0.06989412735272492,0.06079462609978403
0.050540503066524106,0.05094349307853245
0.03166555145454015,0.039660067754678306
0.013633889048067682,0.026002041107345913
0.0,0.0
0.02636611095193232,-0.012441497108947134
0.04833444854545985,-0.01316464616839258
0.06945949693347589,-0.012138860314871606
0.09010587264727508,-0.010306448569259899
0.11042420866517143,-0.008032611376220522
0.13049749652851098,-0.005505494548968315
0.15037906540381896,-0.0028378646491118917
0.17010670181170465,-0.00010420597851457797
0.18970904574457897,0.0026427690078640945
0.20920888597887116,0.005363756130787774
0.2286250205320715,0.008028214582418453
0.24797338187160148,0.010611602972178294
0.26726775513807177,0.01309364391602106
0.2865202570349372,0.015457186706765907
0.30574166696221006,0.017687435529117924
0.3249416632335649,0.019771410512160394
0.34412899628631644,0.021697562340557114
0.36331161891181163,0.023455491191558826
0.38249678649833924,0.025035738385971174
0.40169113595867123,0.026429629855465528
0.42090074927594145,0.027629157251142934
0.4401312058160026,0.028626886854375623
0.45961112698778067,0.02945250377378466
0.4791582445216628,0.030168807652320655
0.49872722138638637,0.030771844092692353
0.5183204072889542,0.03125649878974708
0.5379399689832071,0.0316180795713725
0.5575879095404247,0.03185228713744231
0.5772660862041364,0.03195519063640752
0.5969762270901295,0.03192320711015176
0.6167199469339413,0.031753084046697286
0.6364987620432122,0.03144188443928095
0.6563141045776097,0.03098697387244026
0.6761673362520789,0.030386009250492917
0.6960597615380588,0.029636928857964137
0.7159926404206821,0.028737943500081006
0.735967200756821,0.02768752851807323
0.7559846502684194,0.026484416511413575
0.7760461881972535,0.025127590629344065
0.7961530166406804,0.023616278318610608
0.8163063515827131,0.021949945434448004
0.8365074336306337,0.02012829063842396
0.8567575384641222,0.018151240020469736
0.8770579870013797,0.01601894189383481
0.897410155284806,0.0137317617212429
0.9178154840873733,0.011290277138522473
0.9382754882398154,0.008695273048716838
0.9587917656780663,0.005947736765351576
0.9793660062099577,0.003048853188333093
1.0,1.3773375950189643e-17
