2D: iter2
1.0,-8.283827085696277e-18
0.9804357905379207,0.007623752882725128
0.9608334597315683,0.015010791631557462
0.9411941067173114,0.022161895457731548
0.921518766462944,0.02907772767069747
0.9018084149994005,0.03575883257845599
0.8820639748434066,0.042205632375630034
0.8622863206104577,0.048418424013061526
0.8424762848174785,0.05439737604030398
0.8226346638745998,0.06014252540949806
0.8027622242657276,0.06565377422568705
0.7828597089180065,0.07093088642454043
0.7629278437609496,0.07597348435358049
0.7429673444769493,0.08078104522718046
0.7229789234461959,0.08535289741861925
0.7029632968907565,0.08968821654407466
0.682921192224838,0.09378602128328235
0.6628533556211665,0.09764516886925376
0.6427605598071563,0.10126435016438182
0.622643612109271,0.10464208422175086
0.6025033627700007,0.1077767122075651
0.5823407135695025,0.1106663905320747
0.5621566267936297,0.1133090830005548
0.5419521346024153,0.11570255175054837
0.521728348868852,0.11784434668369864
0.5014864715781295,0.11973179302592149
0.4812278059038328,0.12136197655266007
0.4609537681120429,0.12273172588846287
0.4406659004897417,0.12383759112070314
0.42036588555457277,0.12467581773945477
0.4000555618849014,0.1252423146053393
0.3793905638749079,0.12543439658234312
0.35863915442776884,0.12506030860381875
0.33788121373841196,0.12411003372476934
0.3171239995171482,0.12257779330385188
0.2963753659211961,0.12045748557474178
0.27564381814951816,0.11774257527256629
0.25493859035853095,0.11442593893446104
0.23426975780041923,0.11049964789194602
0.2136483996901812,0.10595466100225219
0.1930868387721445,0.1007803820747045
0.1725990002484642,0.09496400644734934
0.15220096367106906,0.08848952403928464
0.13191184223226282,0.08133613273487778
0.1117552524420318,0.07347557371566803
0.09176193459276145,0.06486733397153566
0.07197485868932549,0.05544917034807946
0.05246052034742846,0.0451157929820747
0.03333936008259279,0.03366034141061562
0.014903049798956274,0.020543616883599555
0.0,0.0
0.025096950201043727,-0.0018583278416689792
0.04666063991740721,0.0027432852462759144
0.06753947965257154,0.008039219862808176
0.08802514131067452,0.013490277257825142
0.10823806540723856,0.018889596968421032
0.1282447475579682,0.024131889131371157
0.1480881577677372,0.02915491059227426
0.16779903632893095,0.033918148341010645
0.1874009997515358,0.03839334355911959
0.20691316122785552,0.04255969413096844
0.2263516003098188,0.04640118997565511
0.24573024219958076,0.049905026431226074
0.26506140964146907,0.05306060730700618
0.2843561818504819,0.05585889146022649
0.30362463407880386,0.05829195022240691
0.3228760004828518,0.0603526601306831
0.3421187862615881,0.06203448592018231
0.36136084557223114,0.06333132582457995
0.3806094361250921,0.06423740120253305
0.39994443811509867,0.06475121600794759
0.4196341144454272,0.06503557724766415
0.4393340995102583,0.06517435913259667
0.4590462318879571,0.06516347052336668
0.47877219409616717,0.06499915691004804
0.49851352842187047,0.06467796838001408
0.518271651131148,0.06419673355781325
0.5380478653975848,0.06355253821888866
0.5578433732063705,0.06274270758915627
0.5776592864304975,0.061764791570259235
0.5974966372299992,0.06061655229974055
0.617356387890729,0.05929595358287537
0.6372394401928437,0.05780115182991388
0.6571466443788335,0.056130488207060236
0.677078807775162,0.05428248176739876
0.6970367031092434,0.052255823373322484
0.7170210765538041,0.05004937025784277
0.7370326555230506,0.04766214110069528
0.7570721562390504,0.0450933115180578
0.7771402910819936,0.0423422098832093
0.7972377757342725,0.03940831341052296
0.8173653361254001,0.03629124444752116
0.8375237151825214,0.032990766929873225
0.8577136793895422,0.02950678296262252
0.8779360251565934,0.025839329497909725
0.8981915850005996,0.02198857508528832
0.9184812335370561,0.017954816675600258
0.9388058932826885,0.013738476463468508
0.9591665402684316,0.009340098756893716
0.9795642094620792,0.004760346865326035
1.0,8.283827085696277e-18
