     1.000000   -0.000000
     0.999253    0.000270
     0.998092    0.000690
     0.996874    0.001129
     0.995596    0.001589
     0.994249    0.002072
     0.992825    0.002580
     0.991317    0.003117
     0.989713    0.003687
     0.988002    0.004292
     0.986169    0.004937
     0.984199    0.005628
     0.982070    0.006371
     0.979758    0.007173
     0.977231    0.008046
     0.974447    0.009001
     0.971355    0.010055
     0.967886    0.011229
     0.963951    0.012549
     0.959429    0.014050
     0.954157    0.015781
     0.947910    0.017804
     0.940386    0.020201
     0.931205    0.023067
     0.919961    0.026490
     0.906383    0.030497
     0.890558    0.034994
     0.872968    0.039779
     0.854235    0.044627
     0.834855    0.049379
     0.815126    0.053943
     0.795207    0.058274
     0.775174    0.062352
     0.755069    0.066165
     0.734911    0.069710
     0.714705    0.072984
     0.694446    0.075987
     0.674098    0.078722
     0.653570    0.081194
     0.632626    0.083420
     0.610717    0.085472
     0.588126    0.087402
     0.565303    0.089155
     0.542454    0.090707
     0.519673    0.092047
     0.497010    0.093167
     0.474493    0.094064
     0.452146    0.094731
     0.429989    0.095167
     0.408044    0.095365
     0.386329    0.095324
     0.364869    0.095038
     0.343687    0.094506
     0.322809    0.093725
     0.302264    0.092692
     0.282084    0.091408
     0.262305    0.089871
     0.242970    0.088085
     0.224129    0.086055
     0.205843    0.083787
     0.188185    0.081297
     0.171246    0.078605
     0.155136    0.075741
     0.139979    0.072747
     0.125906    0.069678
     0.113029    0.066595
     0.101419    0.063563
     0.091088    0.060636
     0.081981    0.057854
     0.073996    0.055238
     0.067005    0.052793
     0.060872    0.050515
     0.055471    0.048390
     0.050690    0.046407
     0.046434    0.044548
     0.042621    0.042799
     0.039185    0.041148
     0.036073    0.039585
     0.033241    0.038100
     0.030652    0.036682
     0.028275    0.035321
     0.026084    0.034010
     0.024058    0.032743
     0.022179    0.031519
     0.020431    0.030336
     0.018802    0.029191
     0.017279    0.028084
     0.015852    0.027010
     0.014514    0.025961
     0.013259    0.024930
     0.012081    0.023911
     0.010977    0.022900
     0.009942    0.021895
     0.008971    0.020893
     0.008062    0.019895
     0.007210    0.018898
     0.006414    0.017907
     0.005674    0.016925
     0.004987    0.015954
     0.004352    0.014996
     0.003766    0.014052
     0.003227    0.013121
     0.002734    0.012205
     0.002284    0.011301
     0.001876    0.010411
     0.001509    0.009533
     0.001181    0.008667
     0.000891    0.007812
     0.000639    0.006968
     0.000424    0.006134
     0.000246    0.005310
     0.000104    0.004494
    -0.000002    0.003687
    -0.000070    0.002886
    -0.000102    0.002093
    -0.000096    0.001305
    -0.000052    0.000523
     0.000032   -0.000255
     0.000156   -0.001030
     0.000320   -0.001802
     0.000523   -0.002572
     0.000765   -0.003342
     0.001046   -0.004112
     0.001365   -0.004884
     0.001724   -0.005657
     0.002123   -0.006433
     0.002562   -0.007212
     0.003044   -0.007994
     0.003568   -0.008782
     0.004138   -0.009574
     0.004754   -0.010373
     0.005419   -0.011177
     0.006135   -0.011987
     0.006904   -0.012803
     0.007730   -0.013625
     0.008615   -0.014453
     0.009563   -0.015284
     0.010574   -0.016117
     0.011651   -0.016949
     0.012795   -0.017773
     0.014006   -0.018587
     0.015288   -0.019390
     0.016645   -0.020183
     0.018083   -0.020965
     0.019604   -0.021739
     0.021216   -0.022510
     0.022926   -0.023284
     0.024745   -0.024070
     0.026685   -0.024869
     0.028762   -0.025682
     0.030992   -0.026508
     0.033396   -0.027348
     0.035994   -0.028198
     0.038814   -0.029059
     0.041887   -0.029935
     0.045254   -0.030830
     0.048964   -0.031748
     0.053076   -0.032690
     0.057664   -0.033655
     0.062822   -0.034644
     0.068663   -0.035656
     0.075325   -0.036687
     0.082972   -0.037728
     0.091787   -0.038764
     0.101959   -0.039769
     0.113652   -0.040706
     0.126971   -0.041530
     0.141928   -0.042188
     0.158442   -0.042634
     0.176365   -0.042834
     0.195527   -0.042767
     0.215766   -0.042424
     0.236944   -0.041810
     0.258953   -0.040933
     0.281702   -0.039808
     0.305121   -0.038450
     0.329151   -0.036878
     0.353741   -0.035109
     0.378845   -0.033164
     0.404424   -0.031062
     0.430438   -0.028823
     0.456851   -0.026465
     0.483625   -0.024007
     0.510717   -0.021470
     0.538061   -0.018871
     0.565529   -0.016239
     0.592798   -0.013614
     0.619113   -0.011081
     0.643780   -0.008750
     0.667538   -0.006703
     0.690944   -0.004890
     0.714199   -0.003290
     0.737384   -0.001897
     0.760532   -0.000709
     0.783647    0.000275
     0.806697    0.001056
     0.829581    0.001634
     0.852041    0.002012
     0.873527    0.002200
     0.893144    0.002225
     0.909979    0.002136
     0.923685    0.001990
     0.934593    0.001826
     0.943309    0.001666
     0.950398    0.001517
     0.956287    0.001379
     0.961278    0.001254
     0.965584    0.001139
     0.969356    0.001033
     0.972700    0.000936
     0.975700    0.000845
     0.978415    0.000760
     0.980893    0.000680
     0.983170    0.000606
     0.985275    0.000535
     0.987231    0.000468
     0.989055    0.000404
     0.990764    0.000344
     0.992370    0.000286
     0.993884    0.000231
     0.995317    0.000178
     0.996677    0.000127
     0.997971    0.000078
     0.999206    0.000031
     1.000000    0.000000
