     1.000000   -0.000000
     0.993424    0.001366
     0.983162    0.003478
     0.969894    0.006171
     0.954481    0.009249
     0.939007    0.012283
     0.923327    0.015301
     0.907736    0.018247
     0.892079    0.021151
     0.876420    0.024000
     0.860761    0.026795
     0.845087    0.029538
     0.829405    0.032229
     0.813714    0.034868
     0.798014    0.037455
     0.782306    0.039990
     0.766590    0.042473
     0.750865    0.044903
     0.735133    0.047282
     0.719393    0.049608
     0.703646    0.051881
     0.687892    0.054102
     0.672131    0.056269
     0.656363    0.058383
     0.640588    0.060443
     0.624807    0.062448
     0.609020    0.064398
     0.593227    0.066293
     0.577428    0.068132
     0.561624    0.069913
     0.545814    0.071637
     0.529999    0.073302
     0.514179    0.074908
     0.498355    0.076453
     0.482526    0.077936
     0.466693    0.079357
     0.450855    0.080713
     0.435015    0.082004
     0.419170    0.083228
     0.403323    0.084384
     0.387473    0.085469
     0.371621    0.086482
     0.355767    0.087421
     0.339912    0.088283
     0.324056    0.089066
     0.308200    0.089769
     0.292344    0.090386
     0.276490    0.090917
     0.260638    0.091356
     0.244789    0.091700
     0.228946    0.091945
     0.213108    0.092085
     0.197280    0.092116
     0.181461    0.092029
     0.165658    0.091817
     0.149876    0.091470
     0.134098    0.090977
     0.118413    0.090324
     0.102674    0.089485
     0.087030    0.088461
     0.072195    0.087182
     0.056594    0.085716
     0.044317    0.084152
     0.036943    0.082204
     0.029880    0.078671
     0.022066    0.071526
     0.018202    0.066162
     0.015144    0.060782
     0.011748    0.053444
     0.007486    0.042022
     0.005914    0.037130
     0.005280    0.035036
     0.004605    0.032725
     0.004089    0.030895
     0.003460    0.028579
     0.002714    0.025702
     0.002471    0.024727
     0.002099    0.023196
     0.001752    0.021722
     0.001348    0.019935
     0.001148    0.019017
     0.000595    0.016349
     0.000341    0.015034
    -0.000212    0.011895
    -0.000906    0.006542
    -0.000922    0.001692
     0.000403    0.000012
     0.003126    0.002482
     0.006412    0.007224
     0.009013    0.011424
     0.010063    0.013171
     0.010731    0.014290
     0.012083    0.016573
     0.012783    0.017760
     0.013454    0.018899
     0.014302    0.020339
     0.015191    0.021845
     0.015886    0.023020
     0.016809    0.024576
     0.017981    0.026540
     0.019176    0.028524
     0.020684    0.030996
     0.022218    0.033470
     0.024885    0.037639
     0.031967    0.047558
     0.038195    0.053657
     0.043122    0.056062
     0.048078    0.056470
     0.054955    0.055233
     0.067364    0.052897
     0.080958    0.051944
     0.095289    0.050720
     0.110860    0.049455
     0.126638    0.048385
     0.142399    0.047377
     0.158208    0.046454
     0.174049    0.045593
     0.189900    0.044785
     0.205772    0.044021
     0.221657    0.043293
     0.237555    0.042595
     0.253464    0.041922
     0.269382    0.041269
     0.285308    0.040632
     0.301243    0.040006
     0.317184    0.039389
     0.333130    0.038777
     0.349082    0.038168
     0.365033    0.037559
     0.380983    0.036948
     0.396930    0.036333
     0.412874    0.035712
     0.428816    0.035083
     0.444754    0.034445
     0.460691    0.033795
     0.476626    0.033133
     0.492558    0.032458
     0.508488    0.031767
     0.524416    0.031060
     0.540343    0.030337
     0.556267    0.029595
     0.572189    0.028834
     0.588110    0.028054
     0.604028    0.027254
     0.619945    0.026433
     0.635859    0.025590
     0.651772    0.024725
     0.667684    0.023838
     0.683593    0.022929
     0.699501    0.021996
     0.715406    0.021040
     0.731311    0.020061
     0.747213    0.019058
     0.763114    0.018031
     0.779013    0.016980
     0.794911    0.015906
     0.810807    0.014808
     0.826701    0.013687
     0.842595    0.012542
     0.858487    0.011374
     0.874372    0.010183
     0.890266    0.008970
     0.906167    0.007733
     0.922031    0.006477
     0.937933    0.005196
     0.953674    0.003907
     0.969361    0.002603
     0.982867    0.001465
     0.993308    0.000575
     1.000000    0.000000
