2D: iter3
1.0,-6.668691116826441e-18
0.9803211591430737,0.006815515247816635
0.9606157762600454,0.013432931171277581
0.9408846750180028,0.01985299748895552
0.9211286289816367,0.026076368941568853
0.9013483651922903,0.032103603022182965
0.8815445678575173,0.037935157672344524
0.8617178821514175,0.04357138893618922
0.8418689181261604,0.04901254856265115
0.8219982547353191,0.054258781543638696
0.8021064439699449,0.05931012357335987
0.7821940151087317,0.06416649841079104
0.7622614790841795,0.06882771512348225
0.7423093329673884,0.07329346518634423
0.7223380645750452,0.07756331940359926
0.7023481572033476,0.0816367246154859
0.6823400944950958,0.08551300014331668
0.6623143654480549,0.08919133391674586
0.6422714695750392,0.09267077821516535
0.622211922229105,0.09595024494042315
0.6021362601109369,0.09902850031978434
0.5820450469801515,0.10190415891521684
0.5619388795981122,0.10457567678633704
0.5418183939372894,0.1070413436178792
0.5216842717016992,0.1092992735759037
0.5015372472151584,0.1113473945967647
0.4813781147498983,0.11318343573445545
0.4612077363887245,0.11480491208880453
0.4410270505411403,0.11620910669983547
0.4208370812701637,0.11739304860909038
0.4006389486355633,0.1183534860373845
0.3804338803262195,0.11908685328144444
0.36022322494722636,0.11958922944562958
0.34000846745826663,0.11985628643249452
0.31920824580770346,0.11964699461239993
0.29838431572692237,0.11868092925514007
0.2775704501140544,0.11695226753787001
0.25677748514551013,0.11445551194905011
0.23601702059176533,0.11118493670185081
0.2153015050545303,0.10713434620834544
0.19464439507789494,0.10229672037335619
0.17406042902727098,0.09666369067774996
0.15356608422725218,0.09022474778453045
0.13318034052852162,0.08296599490162296
0.11292598961634155,0.07486807585833874
0.09283199879349656,0.06590247293655677
0.0729381400726228,0.05602422599550069
0.05330524448952856,0.04515557960587565
0.03404280759535903,0.03314106925291768
0.015415324721343628,0.019570124475675195
0.0,0.0
0.024584675278656373,0.00217392566627426
0.045957192404640974,0.00902607614603056
0.06669475551047144,0.016113706165120728
0.08706185992737721,0.02302624526259317
0.10716800120650345,0.02960822892368391
0.12707401038365843,0.03578190171909808
0.1468196594714784,0.04150230350805937
0.16643391577274783,0.04674091657244668
0.185939570972729,0.05147838474157131
0.20535560492210508,0.05570081122335863
0.2246984949454697,0.05939768668081222
0.24398297940823466,0.06256064259479904
0.2632225148544899,0.06518265887014126
0.28242954988594565,0.06725753991891224
0.3016156842730776,0.06877955995428237
0.32079175419229655,0.06974322146471205
0.3399915325417334,0.07014344688599608
0.3597767750527736,0.07022281884868942
0.3795661196737805,0.07018939232294383
0.3993610513644367,0.07003883921131389
0.41916291872983624,0.06976723861815902
0.43897294945885973,0.06937102484020574
0.45879226361127556,0.06884694609826938
0.4786218852501017,0.068192031433892
0.49846275278484165,0.06740356388709716
0.5183157282983009,0.0664790585577134
0.5381816060627107,0.06541624449973404
0.5580611204018879,0.06421304964951317
0.5779549530198484,0.0628675881731112
0.597863739889063,0.06137814975526239
0.617788077770895,0.059743190455583094
0.6377285304249608,0.057961324836041286
0.6576856345519452,0.05603131912390202
0.6776599055049043,0.05395208522101329
0.6976518427966523,0.05172267540676707
0.7176619354249547,0.049342277610817525
0.7376906670326115,0.0468102111544772
0.7577385209158205,0.04412592287798471
0.7778059848912684,0.041288983585562294
0.7978935560300552,0.03829908475212069
0.8180017452646808,0.03515603544521001
0.8381310818738396,0.03185975942380649
0.8582821178485824,0.028410292382118226
0.8784554321424827,0.02480777931205357
0.8986516348077097,0.021052471962546625
0.9188713710183634,0.017144726377733094
0.9391153249819971,0.013085000499159699
0.9593842237399546,0.008873851819891712
0.9796788408569262,0.004511935080647584
1.0,6.668691116826441e-18
