     1.000000   -0.000000
     0.996553    0.000891
     0.993759    0.001611
     0.991835    0.002105
     0.989645    0.002665
     0.986764    0.003400
     0.981484    0.004741
     0.971559    0.007235
     0.960666    0.009936
     0.947654    0.013111
     0.932623    0.016710
     0.916952    0.020386
     0.901243    0.023992
     0.885279    0.027576
     0.869362    0.031070
     0.853420    0.034490
     0.837458    0.037835
     0.821483    0.041103
     0.805491    0.044295
     0.789484    0.047412
     0.773463    0.050452
     0.757428    0.053417
     0.741380    0.056304
     0.725318    0.059115
     0.709244    0.061849
     0.693158    0.064505
     0.677060    0.067083
     0.660951    0.069583
     0.644831    0.072004
     0.628701    0.074345
     0.612561    0.076606
     0.596412    0.078786
     0.580254    0.080885
     0.564088    0.082901
     0.547914    0.084834
     0.531733    0.086682
     0.515546    0.088445
     0.499352    0.090122
     0.483153    0.091710
     0.466949    0.093210
     0.450741    0.094619
     0.434529    0.095937
     0.418315    0.097161
     0.402099    0.098290
     0.385882    0.099322
     0.369665    0.100254
     0.353449    0.101086
     0.337235    0.101814
     0.321024    0.102436
     0.304819    0.102949
     0.288619    0.103351
     0.272426    0.103637
     0.256255    0.103804
     0.240058    0.103849
     0.223957    0.103767
     0.207819    0.103547
     0.191552    0.103186
     0.177434    0.102436
     0.164561    0.101009
     0.151362    0.098788
     0.138187    0.095821
     0.125238    0.092144
     0.112328    0.087710
     0.099667    0.082594
     0.087302    0.076824
     0.075395    0.070528
     0.063303    0.063375
     0.049682    0.054188
     0.040769    0.047473
     0.034784    0.042734
     0.026476    0.035879
     0.022564    0.032358
     0.019607    0.029486
     0.016184    0.025906
     0.008672    0.017087
     0.007135    0.015098
     0.005900    0.013435
     0.004209    0.011037
     0.003375    0.009783
     0.002906    0.009050
     0.002483    0.008366
     0.001869    0.007328
     0.001404    0.006492
     0.000883    0.005480
     0.000455    0.004556
    -0.000329    0.002131
     0.000349   -0.000311
     0.003135   -0.000718
     0.004735   -0.000480
     0.005949   -0.000208
     0.006677   -0.000018
     0.007640    0.000259
     0.008613    0.000563
     0.009933    0.001008
     0.011115    0.001432
     0.012890    0.002108
     0.014680    0.002827
     0.016417    0.003554
     0.019643    0.004966
     0.028114    0.008923
     0.033114    0.011360
     0.036685    0.013137
     0.044787    0.017212
     0.052476    0.020985
     0.061027    0.025007
     0.075571    0.031443
     0.089161    0.036910
     0.101813    0.041453
     0.115242    0.045654
     0.128684    0.049177
     0.141788    0.051927
     0.155066    0.053993
     0.168319    0.055325
     0.181120    0.055882
     0.195510    0.055712
     0.211808    0.055274
     0.228201    0.054868
     0.244671    0.054457
     0.261168    0.054048
     0.277652    0.053634
     0.294129    0.053211
     0.310591    0.052775
     0.327045    0.052322
     0.343489    0.051850
     0.359923    0.051355
     0.376350    0.050835
     0.392770    0.050286
     0.409183    0.049708
     0.425589    0.049098
     0.441988    0.048455
     0.458382    0.047776
     0.474770    0.047060
     0.491153    0.046305
     0.507530    0.045512
     0.523902    0.044677
     0.540268    0.043801
     0.556630    0.042882
     0.572988    0.041919
     0.589340    0.040912
     0.605688    0.039859
     0.622031    0.038761
     0.638369    0.037617
     0.654703    0.036426
     0.671033    0.035188
     0.687357    0.033902
     0.703678    0.032569
     0.719993    0.031187
     0.736305    0.029758
     0.752612    0.028280
     0.768914    0.026754
     0.785213    0.025180
     0.801506    0.023558
     0.817796    0.021888
     0.834080    0.020170
     0.850363    0.018405
     0.866639    0.016593
     0.882900    0.014735
     0.899224    0.012822
     0.915299    0.010893
     0.931223    0.008938
     0.946517    0.007019
     0.959871    0.005311
     0.970910    0.003877
     0.981012    0.002546
     0.986454    0.001823
     0.989398    0.001429
     0.991643    0.001128
     0.993616    0.000863
     0.996473    0.000478
     1.000000    0.000000
