2D: iter2
1.0,-6.5425058269572635e-18
0.9803851017694531,0.00806725266598481
0.9607339874136541,0.01585191321898066
0.9410475649352683,0.023354392175518095
0.9213266931290766,0.030575008191121224
0.9015721868551922,0.037513985408513084
0.8817848225349275,0.04417145085521686
0.8619653438652204,0.05054743189229581
0.8421144677468254,0.0566418537138577
0.8222328904209051,0.06245453689437881
0.8023212938082855,0.06798519497781257
0.7823803520454994,0.07323343209875163
0.7624107382119043,0.07819874062151712
0.7424131312426977,0.0828804987778251
0.722388223023629,0.0872779682774796
0.7023367256647505,0.09139029185916664
0.6822593789527455,0.09521649073962996
0.6621569579843942,0.09875546190897597
0.6420302809877491,0.10200597520717185
0.6218802173428201,0.10496667010142732
0.601707695820324,0.10763605206537488
0.5815137130656692,0.1100124884378418
0.5612993423663581,0.11209420361027797
0.541065742755012,0.11387927335585912
0.5208141685181511,0.11536561806760476
0.5005459792038683,0.11655099461434397
0.48026265025126524,0.11743298644759868
0.45995369953457005,0.1180083761057618
0.4395360619757985,0.1182166100568406
0.4191052336929013,0.11801672473660857
0.3986641999771701,0.11740534857409926
0.3782162012750203,0.11637890043483182
0.357764754676572,0.11493355821958089
0.3373136798488868,0.11306521739779794
0.31686713108547443,0.11076943616589502
0.2964296378091928,0.1080413625714574
0.27600615685971724,0.1048756369004407
0.25560214142095417,0.10126625945156237
0.23522363384908213,0.09720640876030986
0.2148773935816116,0.0926881870037072
0.19457107793287326,0.08770225510249001
0.17431350526086123,0.0822372947479823
0.15411505162551545,0.0762791873083725
0.13398827458039878,0.06980970580786716
0.11394894758540601,0.06280431621604982
0.09401789642433371,0.05522821718674549
0.07422457045061755,0.04702851890588154
0.05461493956688741,0.03811666096305365
0.035272769409437243,0.02832019482697143
0.01640173565377467,0.017192936208353868
0.0,0.0
0.02359826434622533,-0.0011077385725887252
0.04472723059056276,0.003138879894993533
0.06538506043311258,0.00800497029554582
0.08577542954938246,0.013044348339787102
0.1059821035756663,0.018084565496427018
0.126051052414594,0.02303706135506123
0.14601172541960125,0.0278489461016171
0.16588494837448456,0.032485418389919626
0.18568649473913876,0.03692194418955242
0.20542892206712676,0.04114029652472197
0.2251226064183884,0.045126356763616676
0.24477636615091786,0.04886880659756063
0.26439785857904585,0.0523583069472894
0.2839938431402828,0.05558695998982703
0.3035703621908072,0.05854794426066094
0.3231328689145256,0.061235260058508635
0.3426863201511132,0.06364354766932571
0.362235245323428,0.06576795514069743
0.3817837987249797,0.06760404066903589
0.4013358000228299,0.06914769972379245
0.42089476630709866,0.07039511020574185
0.44046393802420153,0.0713426909804032
0.46004630046543,0.07198707047681006
0.4797373497487347,0.07236029714049887
0.49945402079613166,0.07251327895744662
0.5191858314818489,0.07244398695506621
0.5389342572449881,0.07215000458487955
0.558700657633642,0.07162908871571574
0.5784862869343307,0.07087915974059432
0.5982923041796759,0.06989829343269094
0.6181197826571799,0.06868471418345554
0.637969719012251,0.06723678933171538
0.6578430420156058,0.06555302435110297
0.6777406210472546,0.06363205870882802
0.6976632743352494,0.061472662244857756
0.7176117769763709,0.05907373194929849
0.7375868687573023,0.05643428903889402
0.7575892617880957,0.053553476252330375
0.7776196479545007,0.05043055529941158
0.7976787061917145,0.04706490441185367
0.8177671095790948,0.04345601595397784
0.8378855322531745,0.039603494060376665
0.8580346561347796,0.03550705227500357
0.8782151774650725,0.031166511172334904
0.8984278131448078,0.026581795946478373
0.9186733068709235,0.021752933958497263
0.9389524350647316,0.016680052235914823
0.9592660125863458,0.01136337492145395
0.9796148982305468,0.005803220670638831
1.0,6.5425058269572635e-18
