2D: iter5
1.0,-6.25812999668679e-18
0.9804950294258293,0.010426008690120489
0.9609339618476871,0.02036087949721021
0.941317190748721,0.02980411882922209
0.9216451007231362,0.03875508516288753
0.9019180843974014,0.04721298642204649
0.8821365601522442,0.055176878616062824
0.8623009904736951,0.06264566587142852
0.8424119007296228,0.06961810196827822
0.822469898139179,0.07609279346510595
0.802475690678083,0.08206820445959893
0.7824301056444901,0.087542662991653
0.7623341076000414,0.09251436904718882
0.7421888154001426,0.09698140406962938
0.7219955180378441,0.10094174183147217
0.701755689047761,0.10439326046323316
0.6814709992506538,0.10733375538326863
0.6611433276653962,0.10976095282173598
0.6407747704723342,0.11167252358722785
0.6203676479791715,0.11306609668704652
0.5999673599170153,0.11394312681937278
0.5797613135888402,0.11448197460626484
0.5595418468743486,0.1147796891285695
0.539310027673257,0.11483459303043786
0.5190670008741551,0.11464484936065225
0.49881399718431085,0.114208452326069
0.4785523426565721,0.11352321621376227
0.4582834690815862,0.11258676202223702
0.4380089254631113,0.111396501211088
0.4177303908603876,0.10994961580227554
0.39744968897105754,0.10824303382613894
0.3771688049508683,0.106273398773749
0.3568899051371952,0.1040370312525121
0.3366153605850118,0.10152988037994956
0.3163477756717963,0.09874746149058652
0.29609002353872893,0.09568477531109276
0.2758452909024114,0.09233620161257
0.2556171359511062,0.08869535702401755
0.2354095649053224,0.08475490139594706
0.21522713586768452,0.08050626840088548
0.1950751037395659,0.07593928122914258
0.1749596290741896,0.07104158788635706
0.15488809059358044,0.06579780139058992
0.13486957425979257,0.060188132657562954
0.11491568193175176,0.0541860961020047
0.09504196511480831,0.04775438308525911
0.07527071295378032,0.040836724178420436
0.05563712263539017,0.033339622692558656
0.036205949905818526,0.025082339369686794
0.017135922801935276,0.015600305588290144
0.0,0.0
0.022864077198064724,-0.0032117376253854232
0.043794050094181476,-0.0007228189026476026
0.06436287736460983,0.0025732348198447535
0.08472928704621968,0.006211854920576947
0.1049580348851917,0.010012302141561999
0.12508431806824824,0.01388107979386988
0.14513042574020746,0.01776191844859486
0.16511190940641957,0.021617509467080857
0.18504037092581038,0.02542136726405643
0.20492489626043411,0.029153702755243396
0.22477286413231548,0.0327991289587027
0.2445904350946776,0.036345293880073085
0.26438286404889383,0.039782020709664315
0.28415470909758866,0.04310074312000334
0.30390997646127105,0.0462941209616018
0.32365222432820373,0.04935577086345899
0.34338463941498826,0.05228007259667666
0.36311009486280477,0.055062026887924616
0.3828311950491317,0.057697149071727925
0.4025503110289425,0.06018138826560797
0.42226960913961237,0.06251106507697109
0.4419910745368887,0.06468282299688809
0.46171653091841386,0.06669359005569828
0.48144765734342787,0.06854054827536199
0.5011860028156891,0.070221109115474
0.5209329991258449,0.07173289357453921
0.5406899723267431,0.07307371593963183
0.5604581531256515,0.07424157041760815
0.5802386864111597,0.07523462005725053
0.6000326400829846,0.07605118750271005
0.6196323520208284,0.07659719851185816
0.6392252295276658,0.07670134441266044
0.6588566723346039,0.07635761559072893
0.6785290007493463,0.07556364105336595
0.6982443109522389,0.07431709160916411
0.7180044819621558,0.07261569348828079
0.7378111845998574,0.07045724210907231
0.7576658923999586,0.06783961560205459
0.7775698943555099,0.06476078773972518
0.7975243093219171,0.06121883996550702
0.8175301018608209,0.057211972265320855
0.8375880992703771,0.0527385126790624
0.8576990095263048,0.04779692530441895
0.8778634398477558,0.042385816699884504
0.8980819156025986,0.036503940645593716
0.9183548992768639,0.030150201268038565
0.9386828092512789,0.023323654576583017
0.9590660381523128,0.016023508495066847
0.9795049705741706,0.008249121500221529
1.0,6.25812999668679e-18
