2D: iter4
1.0,-2.4559528151925413e-17
0.9902213919408692,0.0031774966851795755
0.9804331961622055,0.006312286218183357
0.9706355942609932,0.009404895078616827
0.9608287620681478,0.012455825816539059
0.9510128698288645,0.015465556924054661
0.9411880823838416,0.018434542703087684
0.9313545593513992,0.021363213129071575
0.9215124553105102,0.02425197371027024
0.9116619199847673,0.027101205342425792
0.9018030984273081,0.029911264158405594
0.8919361312067247,0.032682481372497005
0.8820611545939849,0.035415163118972436
0.8721783007503964,0.03810959028452028
0.8622876979166455,0.04076601833410288
0.8523894706029482,0.04338467712977433
0.8424837397803504,0.04596577074194949
0.8325706230732224,0.04850947725258039
0.8226502349529909,0.05101594854964904
0.8127226869331623,0.05348531011234141
0.8027880877656873,0.05591766078621446
0.7928465436387333,0.058313072547611096
0.782898158375921,0.06067159025651839
0.7729430336371028,0.06299323139699362
0.7629812691207565,0.06527798580421017
0.7530129627680776,0.0675258153770946
0.7430382109688648,0.06973665377543244
0.733057108769294,0.07191040610022637
0.7230697500816924,0.07404694855597596
0.7130762278964318,0.07614612809343212
0.703076634496068,0.07820776203124202
0.693071061671872,0.08023163765475484
0.6830596009429054,0.08221751179009407
0.6730423437778116,0.08416511035141953
0.663019381819511,0.08607412785909956
0.6529908071130034,0.08794422692628968
0.6429567123365023,0.08977503771115922
0.6329171910361535,0.09156615733172921
0.6228723378646064,0.09331714923996728
0.6128222488237421,0.09502754255143218
0.6027670215118922,0.09669683132636475
0.5927067553759128,0.09832447379767348
0.5826415519685264,0.0999098915407595
0.5725715152113805,0.10145246857955698
0.5624967516643277,0.10295155042251782
0.5524173708014841,0.1044064430215404
0.5423334852946942,0.10581641164600852
0.5322452113050926,0.10718067966315911
0.5221526687835467,0.10849842721491387
0.5120559817808504,0.10976878978007028
0.5019552787686513,0.11099085660932487
0.49185069297221573,0.11216366901896056
0.4817423627162767,0.11328621852714363
0.4716304317853743,0.11435744481458485
0.4615150498002859,0.1153762334887831
0.45139637261236104,0.11634141362811352
0.4412745627178307,0.11725175507857188
0.43114978969445383,0.11810596547194491
0.4210222306632115,0.11890268692942288
0.41089207077816364,0.11964049240906513
0.40075950374806135,0.12031788164888901
0.39062473239387113,0.12093327664946033
0.38048796924704176,0.12148501663044074
0.3703494371941408,0.12197135238425191
0.36020937017444876,0.12239043993641385
0.3500680139382511,0.12274033340565485
0.33973243414415605,0.123012908761755
0.3292174749500484,0.1231725405489002
0.31870088929484447,0.12321180417716392
0.30818381235890085,0.12312825207286532
0.2976674398171307,0.12291929484762734
0.2871530324257474,0.1225821864742461
0.2766419212149442,0.12211400707952771
0.2661355134049895,0.12151164287852509
0.2556352991910114,0.12077176265874673
0.24514285957744406,0.11989079007321704
0.2346598754894049,0.11886487080607355
0.2241881384488828,0.11768983341737105
0.21372956318381517,0.11636114233175157
0.20328620264545855,0.11487384097531557
0.19286026605486642,0.11322248243776666
0.1824541407989544,0.11140104417060606
0.1720704192748341,0.10940282201806192
0.16171193217499683,0.10722029714834558
0.15138179027357912,0.10484496694628127
0.14108343760815542,0.10226712722283912
0.13082072020444435,0.099475587498176
0.1205979764197045,0.09645729244540316
0.11042015803152179,0.09319680878256766
0.1002929961795499,0.08967561423235298
0.09022323469824006,0.0858710865627988
0.08021896825935679,0.08175502214873076
0.07029015034110635,0.07729138550532477
0.06044939034882353,0.07243273775816915
0.05071327411211396,0.06711425218544938
0.041104708230874185,0.06124296568137495
0.03165748322222295,0.0546766076552289
0.022426380772102177,0.04717612997498873
0.013514468165251352,0.038275864136159056
0.005178776763037147,0.02677370564573837
0.0,0.0
0.014821223236962854,-0.022827743910661887
0.02648553183474865,-0.03049992487618918
0.03757361922789782,-0.035686197400308546
0.04834251677777705,-0.039588665976021495
0.05889529176912582,-0.04267299910782342
0.06928672588788604,-0.04517824492773679
0.07955060965117648,-0.0472466740264786
0.08970984965889366,-0.04897124950983936
0.0997810317406432,-0.050416798099633564
0.10977676530175995,-0.051630758670272905
0.1197070038204501,-0.052649166706581485
0.12957984196847822,-0.053500225833733636
0.13940202358029552,-0.0542065582836897
0.14917927979555567,-0.05478668633376621
0.15891656239184457,-0.05525604326591607
0.1686182097264209,-0.05562768440702805
0.1782880678250032,-0.05591280023694528
0.18792958072516588,-0.05612109494469761
0.19754585920104561,-0.05626107114546084
0.2071397339451336,-0.05634024767102362
0.21671379735454144,-0.05636532867715781
0.22627043681618483,-0.05634233671236216
0.23581186155111722,-0.05627671868693307
0.2453401245105951,-0.05617343117477012
0.2548571404225559,-0.056037009751231236
0.2643647008089886,-0.055871625856261625
0.27386448659501056,-0.05568113380572378
0.28335807878505587,-0.055469109946593285
0.29284696757425255,-0.05523888549136163
0.3023325601828693,-0.05499357422497594
0.31181618764109914,-0.054736096020630044
0.32129911070515554,-0.054469196905527886
0.33078252504995165,-0.05419546626804649
0.340267565855844,-0.0539173516818667
0.34993198606174886,-0.053632692200585065
0.3597906298255512,-0.05331434328196028
0.3696505628058592,-0.052959039340710244
0.37951203075295825,-0.05256872625810664
0.3893752676061289,-0.052145248008629484
0.3992404962519387,-0.0516903537998571
0.4091079292218363,-0.05120570441212783
0.4189777693367885,-0.05069287784487588
0.42885021030554615,-0.05015337436008389
0.4387254372821693,-0.04958862099969252
0.448603627387639,-0.048999975642511504
0.45848495019971414,-0.0483887306567541
0.46836956821462566,-0.04775611619642453
0.4782576372837233,-0.047103303183147704
0.48814930702778425,-0.046431406009424706
0.49804472123134874,-0.04574148499454475
0.5079440182191496,-0.04503454862034158
0.5178473312164533,-0.04431155557053227
0.5277547886949074,-0.043573416594420315
0.5376665147053059,-0.042820996213208194
0.547582629198516,-0.04205511428497419
0.5575032483356724,-0.04127654744248145
0.5674284847886194,-0.0404860304163461
0.5773584480314735,-0.039684257254669814
0.5872932446240872,-0.038871882449000666
0.5972329784881077,-0.0380495219754045
0.6071777511762578,-0.03721775425848016
0.6171276621353936,-0.03637712106531917
0.6270828089638465,-0.03552812833568068
0.6370432876634977,-0.03467124695400597
0.6470091928869967,-0.033806913468327385
0.656980618180489,-0.0329355307606239
0.6669576562221885,-0.032057468672726186
0.6769403990570947,-0.031173064591478734
0.6869289383281278,-0.03028262399651317
0.6969233655039319,-0.0293864209736697
0.7069237721035682,-0.02848469869682484
0.7169302499183076,-0.027577669880629395
0.726942891230706,-0.02666551720643621
0.7369617890311352,-0.02574839372349436
0.7469870372319224,-0.02482642322730428
0.7570187308792435,-0.023899700616863303
0.7670569663628972,-0.02296829223238587
0.777101841624079,-0.022032236174945454
0.7871534563612668,-0.02109154260936865
0.7972119122343128,-0.020146194051598176
0.8072773130668378,-0.019196145641646973
0.817349765047009,-0.01824132540317212
0.8274293769267775,-0.017281634490616683
0.8375162602196495,-0.016316947424794663
0.8476105293970517,-0.015347112317724076
0.8577123020833545,-0.01437195108745288
0.8678216992496036,-0.013391259663566218
0.8779388454060151,-0.012404808184009982
0.8880638687932754,-0.011412341183821851
0.8981969015726919,-0.010413577776313411
0.9083380800152328,-0.00940821182721227
0.9184875446894899,-0.008395912122231052
0.9286454406486009,-0.007376322528502407
0.9388119176161583,-0.006349062150284193
0.9489871301711355,-0.00531372547931255
0.9591712379318521,-0.004269882540154008
0.9693644057390067,-0.003217079030884518
0.9795668038377945,-0.00215483645939947
0.9897786080591308,-0.0010826522756397915
1.0,2.4559528151925413e-17
