2D: iter5
1.0,-2.2229679164572566e-17
0.990200059099888,0.0029730056240005525
0.980391970410465,0.005907159655542589
0.970575888915351,0.008802942012660344
0.9607519646103928,0.011660810873811602
0.9509203426527305,0.014481202564821162
0.9410811635105176,0.01726453144225076
0.9312345631133103,0.020011189772953384
0.9213806730031407,0.022721547609552983
0.9115196204862906,0.025395952661572574
0.9016515287857834,0.028034730161913327
0.891776517194613,0.030638182728364972
0.8818947012297336,0.03320659021980468
0.8720061927868294,0.03574020958671713
0.8621111002958941,0.03823927471563703
0.8522095288776413,0.040703996267090176
0.8423015805007822,0.04313456150657091
0.8323873541401968,0.04553113412806277
0.822466945936037,0.047893854069565645
0.8125404493537975,0.050222837320053254
0.8026079553453973,0.05251817571723647
0.792669552511314,0.05477993673545653
0.7827253272638225,0.05700816326297835
0.7727753639913879,0.05920287336788961
0.7628197452242722,0.06136406005174634
0.7528585518014156,0.06349169099003157
0.7428918630386618,0.06558570825840968
0.7329197568984007,0.06764602804367348
0.7229423101607091,0.06967254033817703
0.7129595985960777,0.0716651086164431
0.702971697139822,0.07362356949250842
0.692978680068279,0.07554773235643927
0.6829806211769092,0.07743737898829987
0.6729775939604249,0.07929226314769129
0.6629696717950878,0.0811121101367946
0.6529569281233232,0.08289661633464888
0.6429394366408188,0.08464544870016394
0.6329172714862911,0.08635824424111549
0.6228905074341192,0.08803460944608288
0.6128592200900698,0.08967411967596903
0.6028234860903542,0.09127631851138476
0.5927833833042923,0.09284071705177133
0.582738991040878,0.09436679316168124
0.5726903902595816,0.09585399065911959
0.5626376637857529,0.0973017184402638
0.552580896531037,0.09870934953421792
0.5425201757192579,0.10007622008070269
0.5324555911182763,0.10140162822272368
0.5223872352783917,0.102684832905279
0.5123152037779243,0.10392505257004386
0.5022395954766908,0.10512146373468051
0.49216051277817846,0.10627319944393603
0.4820780619013204,0.1073793475779806
0.4719923531628991,0.10843894900145373
0.46190350127173335,0.10945099553438856
0.4518116256359671,0.1104144277235054
0.4417168506849576,0.1113281323892401
0.4316193062074736,0.11219093992021018
0.42151912770816335,0.11300162128251555
0.4114164567845421,0.11375888470619147
0.4013114415270921,0.1144613720051165
0.39120423694547335,0.11510765447952576
0.3810950054243243,0.11569622834174575
0.3709839172127026,0.11622550959553138
0.3608711509519034,0.11669382828706353
0.35075689424721695,0.1170994220307534
0.34064134429018134,0.1174404286948678
0.3305247085390989,0.11771487810982192
0.3204072054670627,0.11792068263474141
0.3102890653885544,0.11805562638420192
0.3001705313779232,0.11811735287513937
0.29005186029584773,0.11810335080142695
0.2795829264993708,0.11799762372857227
0.26884420156206784,0.11773459106479621
0.2581103192904764,0.11730319324543347
0.24738349237801766,0.11670020979694354
0.23666606173029014,0.11592219422416353
0.22596050861553663,0.11496544013834295
0.21526946910912434,0.11382594042054583
0.20459575140446834,0.1124993376531121
0.19394235673696666,0.1109808634961229
0.1833125049064398,0.10926526391798352
0.17270966571621488,0.10734670611272161
0.1621375981176458,0.10521866140286742
0.1516003995266405,0.1028737562026272
0.14110256877412547,0.10030357982685084
0.13064908764630692,0.09749843295967676
0.12024552826822851,0.09444699289607184
0.10989819721659569,0.09113585940765835
0.09961433317364368,0.08754892493585892
0.08940238495590297,0.08366647848926625
0.07927241442762117,0.0794638916313707
0.06923670156323171,0.07490962107308835
0.0593106933229217,0.06996203678446887
0.049514574133380874,0.0645641039475611
0.03987605090668876,0.05863382561420881
0.030435766731069704,0.052045406644047894
0.02125927379849287,0.04458699407945255
0.012469310108637636,0.0358450161583606
0.004370514960672702,0.024749760114879726
0.0,0.0
0.015629485039327297,-0.019577701032780268
0.027530689891362363,-0.025685201192960583
0.03874072620150713,-0.029623726429550867
0.049564233268930294,-0.032462989508443445
0.060123949093311244,-0.03461656219170049
0.07048542586661913,-0.03629629743694779
0.08068930667707831,-0.037627990384549476
0.0907632984367683,-0.0386936379826618
0.10072758557237882,-0.03955027504923585
0.11059761504409704,-0.04023953161422201
0.12038566682635632,-0.04079295096670418
0.1301018027834043,-0.041235161543192025
0.1397544717317715,-0.04158587433509281
0.1493509123536931,-0.04186119690098393
0.15889743122587452,-0.042074529469243116
0.1683996004733595,-0.04223719474490347
0.17786240188235422,-0.04235889204382656
0.1872903342837851,-0.04244803205116253
0.1966874950935602,-0.04251198835270512
0.20605764326303336,-0.04255728962592409
0.21540424859553164,-0.04258976867679174
0.22473053089087566,-0.042614679536902865
0.2340394913844634,-0.04263679054617623
0.24333393826970984,-0.04266045912227198
0.25261650762198234,-0.042689692384126045
0.2618896807095236,-0.04272819672048893
0.2711557984379322,-0.04277941862652353
0.2804170735006293,-0.04284657857577033
0.28994813970415223,-0.04292593607096321
0.29982946862207677,-0.04296755210215901
0.3097109346114456,-0.04296290307926797
0.3195927945329373,-0.04291450030841691
0.32947529146090115,-0.0428247002726699
0.3393586557098187,-0.042695718857451284
0.349243105752783,-0.04252964370363542
0.35912884904809655,-0.04232844498080714
0.3690160827872974,-0.0420939848206996
0.3789049945756757,-0.04182802560890165
0.3887957630545267,-0.04153223729923234
0.39868855847290796,-0.04120820388793681
0.40858354321545787,-0.04085742916268855
0.4184808722918366,-0.04048134182325243
0.4283806937925264,-0.04008130005574989
0.4382831493150424,-0.03965859563014569
0.4481883743640329,-0.039214457580339895
0.4580964987282667,-0.03875005551771501
0.46800764683710083,-0.038266502621835174
0.47792193809867956,-0.037764858345980055
0.4878394872218215,-0.03724613087011654
0.4977604045233091,-0.036711279329605113
0.5076847962220757,-0.03616121584427561
0.5176127647216083,-0.035596807369380895
0.5275444088817237,-0.03501887738725877
0.5374798242807421,-0.03442820745623402
0.547419103468963,-0.03382553863130854
0.5573623362142472,-0.03321157276947672
0.5673096097404183,-0.03258697373101783
0.5772610089591219,-0.03195236848682788
0.5872166166957077,-0.03130834814072936
0.5971765139096458,-0.03065546887471725
0.6071407799099302,-0.02999425282423901
0.6171094925658808,-0.02932518888985338
0.6270827285137089,-0.02864873349094955
0.6370605633591813,-0.027965311266624583
0.6470430718766769,-0.02727531572829917
0.6570303282049123,-0.02657910986819756
0.6670224060395752,-0.025877026727409946
0.6770193788230909,-0.025169369926897268
0.6870213199317209,-0.024456414164478434
0.6970283028601779,-0.023738405680552396
0.7070404014039222,-0.02301556269505491
0.7170576898392909,-0.02228807581791974
0.7270802431015992,-0.021556108435110098
0.7371081369613381,-0.020819797072103262
0.7471414481985844,-0.02007925173654513
0.7571802547757278,-0.01933455624164294
0.7672246360086121,-0.018585768511732267
0.7772746727361776,-0.017832920871330107
0.7873304474886861,-0.01707602031888042
0.7973920446546028,-0.016315048786295534
0.8074595506462026,-0.01554996338531052
0.8175330540639629,-0.01478069664158414
0.8276126458598031,-0.014007156717405548
0.8376984194992178,-0.013229227623801004
0.8477904711223586,-0.012446769422770614
0.8578888997041059,-0.011659618420330857
0.8679938072131705,-0.010867587350987373
0.8781052987702664,-0.010070465554214387
0.888223482805387,-0.009268019143477172
0.8983484712142167,-0.008459991168291058
0.9084803795137094,-0.007646101769778873
0.9186193269968593,-0.0068260483301508836
0.9287654368866898,-0.005999505616505926
0.9389188364894823,-0.005166125919320954
0.9490796573472694,-0.004325539185972069
0.9592480353896071,-0.0034773531496062535
0.969424111084649,-0.0026211534536617806
0.979608029589535,-0.001756503772313844
0.989799940900112,-0.0008829459271046621
1.0,2.2229679164572566e-17
