     1.000000   -0.000000
     0.995330    0.001277
     0.990432    0.002609
     0.985459    0.003953
     0.974963    0.006763
     0.962294    0.010109
     0.947922    0.013842
     0.932564    0.017759
     0.916745    0.021715
     0.900972    0.025583
     0.885072    0.029404
     0.869172    0.033147
     0.853252    0.036817
     0.837315    0.040414
     0.821363    0.043937
     0.805394    0.047387
     0.789410    0.050764
     0.773410    0.054066
     0.757395    0.057295
     0.741366    0.060450
     0.725323    0.063530
     0.709267    0.066536
     0.693197    0.069467
     0.677114    0.072322
     0.661018    0.075101
     0.644911    0.077804
     0.628791    0.080429
     0.612660    0.082977
     0.596519    0.085446
     0.580366    0.087837
     0.564203    0.090146
     0.548030    0.092375
     0.531848    0.094522
     0.515657    0.096586
     0.499457    0.098565
     0.483249    0.100459
     0.467033    0.102266
     0.450810    0.103985
     0.434581    0.105614
     0.418345    0.107152
     0.402104    0.108596
     0.385858    0.109945
     0.369608    0.111197
     0.353354    0.112349
     0.337098    0.113400
     0.320840    0.114346
     0.304581    0.115185
     0.288323    0.115913
     0.272067    0.116526
     0.255814    0.117022
     0.239565    0.117396
     0.223326    0.117642
     0.207093    0.117755
     0.190870    0.117730
     0.174696    0.117554
     0.158449    0.117228
     0.142369    0.116738
     0.126546    0.116022
     0.110984    0.115390
     0.097348    0.114202
     0.085700    0.111792
     0.075270    0.108186
     0.065160    0.102984
     0.054425    0.095316
     0.044653    0.086249
     0.038047    0.078992
     0.032726    0.072536
     0.026409    0.064220
     0.022403    0.058408
     0.019790    0.054251
     0.017914    0.051042
     0.016154    0.047845
     0.013374    0.042400
     0.009224    0.033371
     0.007172    0.028514
     0.005347    0.023940
     0.004389    0.021423
     0.003771    0.019745
     0.003199    0.018148
     0.002180    0.015172
     0.001696    0.013681
     0.001352    0.012580
     0.000702    0.010373
     0.000311    0.008928
    -0.000159    0.006985
    -0.000776    0.003101
    -0.000227    0.000163
     0.002235    0.000478
     0.005351    0.002833
     0.007128    0.004482
     0.008137    0.005477
     0.009124    0.006481
     0.010155    0.007557
     0.011290    0.008769
     0.011884    0.009413
     0.013913    0.011655
     0.015391    0.013323
     0.016323    0.014385
     0.018116    0.016449
     0.019847    0.018462
     0.023827    0.023131
     0.031116    0.031619
     0.034872    0.035846
     0.037544    0.038761
     0.040574    0.041953
     0.047116    0.048398
     0.054931    0.055365
     0.063174    0.061869
     0.073135    0.068373
     0.082135    0.072611
     0.091086    0.074865
     0.102425    0.075446
     0.116191    0.074498
     0.131269    0.073439
     0.147333    0.072604
     0.163541    0.071725
     0.179880    0.070907
     0.196276    0.070114
     0.212663    0.069344
     0.229080    0.068587
     0.245508    0.067838
     0.261940    0.067091
     0.278367    0.066341
     0.294785    0.065584
     0.311196    0.064816
     0.327601    0.064033
     0.344000    0.063232
     0.360393    0.062411
     0.376781    0.061567
     0.393164    0.060697
     0.409541    0.059800
     0.425914    0.058872
     0.442281    0.057914
     0.458645    0.056922
     0.475003    0.055895
     0.491358    0.054833
     0.507707    0.053733
     0.524052    0.052595
     0.540393    0.051417
     0.556729    0.050199
     0.573061    0.048940
     0.589388    0.047638
     0.605710    0.046294
     0.622028    0.044906
     0.638341    0.043475
     0.654649    0.041999
     0.670953    0.040478
     0.687251    0.038913
     0.703545    0.037302
     0.719835    0.035645
     0.736119    0.033943
     0.752397    0.032195
     0.768672    0.030401
     0.784941    0.028561
     0.801204    0.026676
     0.817464    0.024746
     0.833717    0.022770
     0.849965    0.020749
     0.866209    0.018684
     0.882445    0.016574
     0.898695    0.014418
     0.914826    0.012234
     0.930941    0.010009
     0.946653    0.007799
     0.961413    0.005687
     0.974314    0.003811
     0.985083    0.002226
     0.990195    0.001467
     0.995213    0.000718
     1.000000    0.000000
