2D: iter16
1.0,-2.6334731222946243e-17
0.980493936918529,0.006752304001396198
0.9609430928396073,0.013320495643547207
0.9413491050322705,0.019708725313018656
0.9217135099029226,0.025920730882651417
0.9020377500422675,0.03195983274078866
0.8823231813530549,0.037828928512942187
0.8625710802624433,0.04353048742945877
0.8427826510235421,0.0490665442855325
0.8229590331115783,0.054438692931393744
0.8031013087211801,0.059648079220433345
0.7832105103725087,0.06469539333104524
0.7632876286354425,0.0695808613636882
0.7433336199827779,0.07430423609754117
0.7233494147855083,0.07886478677051614
0.7033359254657812,0.08326128772145241
0.6832940548261834,0.08749200570299805
0.6632247045777179,0.09155468563662522
0.6431287840933622,0.09544653453567631
0.623007219419657,0.09916420326602128
0.602860962585628,0.10270376574384489
0.5826910012568719,0.10606069508233393
0.5624983687932895,0.10922983608837597
0.5422841547823845,0.11220537336976857
0.5220495161370995,0.11498079413334626
0.5017956888689971,0.11754884452180062
0.48152400067581247,0.11990147803372125
0.4612358845192163,0.12202979417218819
0.4409328934171519,0.12392396493618144
0.4206167167398134,0.12557314605447173
0.40028919838565097,0.126965368888147
0.3798761480620415,0.12808619503902693
0.3589820751299156,0.12884418398802794
0.3380761205787988,0.1291771794219207
0.3171655197077255,0.1290669649591582
0.29625828026499307,0.12849322649108255
0.2753633024535689,0.12743312791240435
0.2544905313070373,0.12586074485637172
0.23365115503265219,0.12374629460434222
0.21285787025867015,0.1210550659007174
0.19212524749692347,0.1177458937401248
0.17147025188197265,0.11376891997311914
0.15091301441550795,0.10906218601906412
0.130478027643265,0.10354621857225382
0.11019610544982325,0.09711494827903007
0.09010782897685377,0.08961938604080949
0.07027019311242337,0.08083545037478425
0.050771196929443194,0.07039179267566158
0.0317688830143326,0.05757229552371453
0.013640962354651965,0.040540297402405605
0.0,0.0
0.026359037645348034,-0.033477911787641125
0.0482311169856674,-0.043826407391737106
0.0692288030705568,-0.050341285124022736
0.08972980688757663,-0.05485920650103553
0.10989217102314625,-0.05809628894250243
0.12980389455017674,-0.060423881053716225
0.14952197235673503,-0.0620660643174847
0.16908698558449206,-0.06317182783239125
0.18852974811802733,-0.0638472409520941
0.20787475250307655,-0.06417177698229908
0.22714212974132986,-0.06420739450364255
0.2463488449673478,-0.06400395166556977
0.2655094686929627,-0.06360261347345322
0.28463669754643117,-0.0630380911828913
0.3037417197350069,-0.06234016751252652
0.3228344802922745,-0.061534766829110736
0.3419238794212012,-0.0606447252379333
0.3610179248700844,-0.059690356847652164
0.3801238519379585,-0.05868987803981431
0.3997108016143491,-0.05761923369198613
0.4193832832601866,-0.056425224312175976
0.4390671065828481,-0.05512000315713059
0.4587641154807837,-0.05371553886576204
0.4784759993241875,-0.05222267570929961
0.4982043111310029,-0.05065124168876325
0.5179504838629005,-0.04901013730107294
0.5377158452176156,-0.0473074090476391
0.5575016312067106,-0.045550310785770126
0.577308998743128,-0.043745355308631495
0.5971390374143719,-0.04189835800842566
0.616992780580343,-0.04001447407826504
0.6368712159066379,-0.03809823040496285
0.6567752954222822,-0.03615355307233434
0.6767059451738167,-0.0341837912145095
0.6966640745342187,-0.03219173781814599
0.7166505852144917,-0.03017964796177166
0.7366663800172221,-0.02814925489273839
0.7567123713645575,-0.026101784272206913
0.7767894896274914,-0.024037966862265232
0.79689869127882,-0.021958049883734416
0.8170409668884216,-0.019861807236155653
0.8372173489764578,-0.017748548741135052
0.8574289197375566,-0.015617128545281748
0.8776768186469451,-0.01346595279836539
0.8979622499577326,-0.011292986705191866
0.9182864900970775,-0.009095761035414412
0.9386508949677294,-0.006871378163521206
0.9590569071603926,-0.00461651770116912
0.9795060630814709,-0.002327441775517261
1.0,2.6334731222946243e-17
