2D: iter7
1.0,-2.715445106082704e-17
0.9806109436771586,0.007329625366655128
0.9611718569662353,0.0144693622423957
0.9416845590003546,0.021423445717849914
0.9221507540586892,0.028195687427586626
0.9025720390016259,0.034789470198492566
0.8829499107929343,0.04120774238316201
0.863285774112165,0.04745301183044545
0.8435809490611934,0.053527339437832534
0.8238366789696203,0.05943233222152747
0.8040541383046924,0.06516913582964617
0.7842344406925222,0.07073842641156526
0.7643786470587293,0.07614040174166542
0.7444877738982084,0.08137477147798049
0.7245628016856419,0.08644074641492655
0.7046046834406594,0.09133702656346493
0.684614353464316,0.09606178786066871
0.6645927362669095,0.10061266727229756
0.6445407557112494,0.10498674600483607
0.6244593444004943,0.10918053048515425
0.6043494533458575,0.11318993069342799
0.584212061957137,0.11701023534412881
0.5640481884086016,0.1206360832953533
0.5438589004447996,0.12406143042121999
0.5236453267061247,0.12727951099566043
0.5034086686734758,0.13028279239515025
0.4831502133565153,0.13306292161406127
0.4628713468827968,0.13561066167314617
0.4425735691881358,0.13791581545201975
0.4222585100659696,0.13996713373690284
0.401927946910707,0.14175220326733998
0.3815838245955267,0.14325730917444907
0.36122827807112085,0.1444672642540865
0.34086365847736055,0.1453651947430087
0.32049256385410696,0.14593226824393457
0.30011787596700723,0.146147343500722
0.27851304771638125,0.14589003735521966
0.25636520213643316,0.14484015836187203
0.234264390708223,0.14294751782374707
0.2122399538698038,0.14017810137059344
0.19032478870391598,0.13649241340856128
0.16855622085760327,0.131843323516458
0.14697733012906258,0.12617275977659068
0.12563904696685996,0.11940642213237887
0.1046036375534733,0.11144487756204807
0.08395088711101781,0.10214750310913343
0.06379008458370806,0.09130075586899876
0.044286376278788286,0.07854681743902159
0.025731232477934664,0.06318785305024838
0.008811832104475902,0.043415115815768575
0.0,0.0
0.0311881678955241,-0.030937345627186953
0.05426876752206534,-0.03911189337731601
0.07571362372121171,-0.04375224898596935
0.09620991541629194,-0.04666715934005751
0.1160491128889822,-0.04855445920853404
0.1353963624465267,-0.04977196699402142
0.15436095303314007,-0.050533225601155814
0.17302266987093742,-0.05097885798640211
0.19144377914239671,-0.051208297171534786
0.20967521129608405,-0.05129584321313426
0.2277600461301962,-0.05129956802889351
0.24573560929177699,-0.05126660204000508
0.26363479786356686,-0.05123644084031888
0.2814869522836188,-0.05124309880008623
0.29988212403299275,-0.05130091231668148
0.31950743614589305,-0.05120965789399996
0.3391363415226395,-0.05091852741539905
0.35877172192887913,-0.05044866213702087
0.3784161754044733,-0.04981889445614648
0.39807205308929305,-0.04904609813601949
0.4177414899340304,-0.0481454603807835
0.4374264308118642,-0.04713069605932059
0.45712865311720324,-0.046014218432086265
0.47684978664348465,-0.04480727671285969
0.4965913313265243,-0.04352006802202601
0.5163546732938753,-0.042161829338832564
0.5361410995552005,-0.04074091366890757
0.5559518115913985,-0.03926485363577537
0.5757879380428629,-0.03774041496550441
0.5956505466541424,-0.03617364178397618
0.6155406555995057,-0.03456989523309407
0.6354592442887507,-0.032933886598386586
0.6554072637330906,-0.03126970589967781
0.6753856465356841,-0.029580846710097745
0.6953953165593405,-0.027870227823161765
0.715437198314358,-0.026140212273110246
0.7355122261017916,-0.024392624122870115
0.7556213529412708,-0.022628763361480023
0.7757655593074778,-0.020849419194523888
0.7959458616953077,-0.019054881963967863
0.8161633210303796,-0.01724495389543125
0.8364190509388065,-0.015418958839537485
0.856714225887835,-0.013575751148170615
0.8770500892070657,-0.01171372380512644
0.8974279609983742,-0.009830815912915307
0.9178492459413109,-0.00792451962268673
0.9383154409996453,-0.0059918865818464
0.9588281430337646,-0.0040295339635076435
0.9793890563228413,-0.0020336501331015755
1.0,2.715445106082704e-17
