2D: iter9
1.0,-2.1208698068310767e-17
0.9902581388678358,0.0032599316582557873
0.980500771413503,0.006463987350668575
0.9707281727259196,0.009612556218883331
0.9609406100935719,0.012706008122866552
0.9511383433117421,0.015744693478748406
0.9413216249928761,0.018728943095322255
0.9314907008801044,0.021659068009014834
0.9216458101639274,0.024535359317123508
0.911787185802081,0.027358088009099744
0.9019150548426035,0.03012750479563778
0.8920296387501278,0.03284383993530603
0.8821311537354277,0.03550730305843606
0.872219811088253,0.03811808298796059
0.8622958175134936,0.04067634755686125
0.8523593754707202,0.043182243421862665
0.8424106835171532,0.04563589587297298
0.8324499366541245,0.04803740863844047
0.8224773266770994,0.050386863684654705
0.812493042529342,0.052684321010482794
0.8024972706593102,0.05492981843548515
0.7924901953818874,0.05712337138140591
0.7824719992435607,0.05926497264628234
0.7724428633916778,0.061354592170455885
0.7624029679479258,0.06339217679370591
0.7523524923861926,0.06537765000265729
0.7422916159149924,0.06731091166753292
0.7322205178646554,0.069191837767242
0.7221393780795063,0.0710202801016965
0.7120483773152809,0.0727960659901497
0.7019476976420578,0.07451899795423297
0.6918375228530143,0.07618885338424314
0.6817180388793508,0.07780538418709289
0.6715894342117628,0.0793683164141803
0.6614519003288866,0.08087734986726249
0.6513056321331891,0.08233215768022638
0.6411508283948274,0.08373238587443421
0.6309876922040575,0.0850776528850847
0.6208164314328464,0.08636754905576094
0.610637259206405,0.08760163609803724
0.6004503943854499,0.08877944651268081
0.5902560620600896,0.08990048296860359
0.5800544940563381,0.09096421763529405
0.5699174368848342,0.0919744968053199
0.5598020525209659,0.09294205362294039
0.5496831828599898,0.09386685727618174
0.539560966321455,0.09474827248695608
0.52943554626594,0.09558562788123715
0.5193070713356973,0.0963782148567698
0.5091756958088866,0.09712528635210224
0.49904157996880677,0.0978260555061309
0.48890489048971836,0.09847969419593147
0.4787658008410533,0.09908533143902133
0.46862449171205006,0.0996420516443077
0.458481151459127,0.10014889269378686
0.44833597657862667,0.10060484383450749
0.43818917220794035,0.10100884335733362
0.4280409526584529,0.101359776035553
0.41789154198426226,0.10165647029227369
0.40774117459122744,0.10189769506071267
0.3975900958916052,0.10208215629574817
0.38743856301037755,0.10220849308829329
0.3772868455503695,0.10227527332591463
0.36713522642444946,0.10228098883336757
0.356984002764536,0.10222404991497584
0.3468334869188633,0.10210277920657213
0.336684007551047,0.1019154047274364
0.32653591085704353,0.10166005200154118
0.31638956191921747,0.10133473509144642
0.3062453462205778,0.10093734635607218
0.2961036713470172,0.10046564470362687
0.2859649689113381,0.09991724206092761
0.27582969674033414,0.09928958771723824
0.26569834137566745,0.09857995012055847
0.2555714209513737,0.0977853956015824
0.24544948852638748,0.09690276336786907
0.2353331359706933,0.09592863593781051
0.22522299853022024,0.09485930395631326
0.2151197602307372,0.09369072403122626
0.2050241603281197,0.09241846782200686
0.19493700107630302,0.09103766005692511
0.1848591571722021,0.08954290238855742
0.1747915873596701,0.08792817892331402
0.16473534884874952,0.08618673773156905
0.15469161545796203,0.08431094042881716
0.144661700757681,0.08229206864294242
0.1346470880498822,0.08012007123505446
0.12464946987892639,0.07778322848242991
0.11467080113036125,0.07526769724397796
0.10471337200338825,0.07255688111313287
0.09477991092266021,0.0696305354830723
0.08487373414139657,0.0664634569305727
0.07499897121514634,0.06302349339938786
0.06516092003441866,0.05926838806620594
0.05536663707533739,0.055140493716088944
0.04562598923537739,0.05055728421410738
0.03595370923343346,0.04539267451610048
0.02637396714744791,0.03943515674985356
0.016932770467876883,0.03227334787499874
0.007746211995983599,0.02284683435803442
0.0,0.0
0.012253788004016402,-0.02076130608973521
0.023067229532123118,-0.02813872900636652
0.03362603285255209,-0.03328788494885453
0.04404629076656654,-0.037269187450700854
0.054374010764622616,-0.040494019552273344
0.0646333629246626,-0.0431738891257867
0.07483907996558135,-0.0454348812154017
0.08500102878485366,-0.04735952195604781
0.09512626585860343,-0.04900545856266305
0.1052200890773398,-0.05041494785855925
0.11528662799661175,-0.05162014189998261
0.12532919886963872,-0.05264624411015671
0.13535053012107362,-0.05351349909590386
0.14535291195011782,-0.05423850326378982
0.15533829924231898,-0.054835099754905366
0.16530838454203797,-0.05531500829197393
0.1752646511512505,-0.05568828001388582
0.1852084126403299,-0.055963633292756984
0.1951408428277979,-0.056148706513092804
0.205062998923697,-0.05625025160451909
0.21497583967188028,-0.056274284460625656
0.2248802397692628,-0.056226203428836066
0.23477700146977978,-0.05611088378088028
0.24466686402930668,-0.05593275385730095
0.2545505114736125,-0.055695857050249105
0.2644285790486263,-0.05540390271481825
0.2743016586243326,-0.05506030833261634
0.2841703032596659,-0.054668234696084325
0.29403503108866186,-0.05423061547452812
0.3038963286529828,-0.053750182219948005
0.3137546537794222,-0.05322948564308012
0.32361043808078255,-0.05267091381710737
0.3334640891429565,-0.05207670783382137
0.34331599244895306,-0.05144897533430201
0.35316651308113667,-0.05078970225598934
0.36301599723546396,-0.05010076307491089
0.37286477357555053,-0.04938392977178664
0.3827131544496305,-0.04864087971078391
0.3925614369896225,-0.047873202587579
0.40240990410839483,-0.04708240657741651
0.4122588254087725,-0.046269923792729845
0.4221084580157377,-0.045437115142605886
0.4319590473415471,-0.04458527467216643
0.44181082779205966,-0.043715633448194485
0.45166402342137335,-0.042829363047581975
0.46151884854087305,-0.04192757869704118
0.4713755082879499,-0.04101134210570806
0.48123419915894666,-0.04008166402653392
0.4910951095102816,-0.03913950657752249
0.5009584200311933,-0.03818578534976656
0.5108243041911135,-0.03722137132574874
0.5206929286643027,-0.03624709262839333
0.53056445373406,-0.03526373611880392
0.5404390336785451,-0.0342720488584323
0.5503168171400102,-0.03327273944953358
0.5601979474790342,-0.032266479266134074
0.5700825631151657,-0.03125390358632163
0.5799455059436618,-0.03023614711762073
0.5897439379399103,-0.02922439536859317
0.5995496056145501,-0.02822333809975935
0.609362740793595,-0.02723350314163078
0.6191835685671536,-0.026255387825295535
0.6290123077959425,-0.025289459649986402
0.6388491716051726,-0.024336156904129082
0.6486943678668109,-0.02339588924414046
0.6585480996711135,-0.022469038234821836
0.6684105657882373,-0.02155595785481097
0.6782819611206493,-0.02065697497022093
0.6881624771469856,-0.01977238977929461
0.6980523023579421,-0.018902476230633916
0.707951622684719,-0.018047482417326184
0.7178606219204936,-0.01720763094907457
0.7277794821353446,-0.016383119304247698
0.7377083840850076,-0.01557412016359231
0.7476475076138074,-0.014780781727196424
0.7575970320520742,-0.014003228016150851
0.7675571366083223,-0.013241559160232678
0.7775280007564394,-0.012495851672817034
0.7875098046181127,-0.011766158714124567
0.7975027293406899,-0.011052510343813816
0.8075069574706581,-0.010354913763847527
0.8175226733229005,-0.009673353552481535
0.8275500633458754,-0.009007791890155482
0.8375893164828467,-0.008358168778002214
0.8476406245292798,-0.007724402249632164
0.8577041824865064,-0.007106388576797084
0.867780188911747,-0.006504002469488811
0.8778688462645723,-0.005917097270982712
0.8879703612498723,-0.005345505148297168
0.8980849451573966,-0.004789037278499466
0.9082128141979191,-0.004247484031258025
0.9183541898360726,-0.0037206151480044334
0.9285092991198957,-0.0032081799180444636
0.9386783750071238,-0.002709907351926612
0.9488616566882578,-0.0022255063523535703
0.959059389906428,-0.001754665882898577
0.9692718272740803,-0.0012970551347682713
0.979499228586497,-0.0008523236918324818
0.9897418611321642,-0.0004201016941247145
1.0,2.1208698068310767e-17
