2D: iter8
1.0,-2.6994130098222428e-17
0.9905236709796371,0.004598212646015283
0.9810227202432111,0.00913003557120683
0.971497558300861,0.013595911069055598
0.9619485835040005,0.017996257685896126
0.9523761824719437,0.02233146996799225
0.942780730524374,0.02660191820724287
0.9331625921196586,0.030807948185324896
0.923522121299008,0.03494988091605871
0.9138596621364907,0.0390280123857589
0.9041755491949037,0.043042613291307125
0.8944701079875154,0.046993928775655634
0.8847436554456931,0.05088217816044089
0.8749965003924369,0.0547075546753553
0.8652289440218426,0.05847022518388608
0.8554412803845273,0.06217032990499751
0.8456337968790544,0.06580798213028576
0.8358067747494056,0.06938326793609507
0.8259604895885534,0.07289624589003094
0.8160952118482011,0.07634694675125468
0.8062112073547649,0.07973537316388503
0.7963087378316895,0.08306149934276634
0.7863880614281991,0.08632527075079742
0.776449433254602,0.08952660376693339
0.7664931059242891,0.09266538534389279
0.7565193301025781,0.09574147265451005
0.7465283550625853,0.09875469272556955
0.7365204292483257,0.10170484205785114
0.7264958008452718,0.1045916862309895
0.7164547183586301,0.1074149594916203
0.7063974311996298,0.11017436432313246
0.6963241902801531,0.11286957099518398
0.6862352486160803,0.11550021709095643
0.6761308619397662,0.11806590700991937
0.6660112893221217,0.12056621144365216
0.6558767938048237,0.12300066682202151
0.6457276430432478,0.1253687747267318
0.6355641099607878,0.1276700012689573
0.6253864734153048,0.12990377642741444
0.6151950188785411,0.13206949334284318
0.6049900391294347,0.1341665075644296
0.5947718349623824,0.13619413624320714
0.5845407159116303,0.13815165726692075
0.5742970009931105,0.14003830833021008
0.5640410194652115,0.14185328593325777
0.5537731116101453,0.14359574430124616
0.5434936295377951,0.14526479421604865
0.5332029380141514,0.14685950175054224
0.5229014153167245,0.14837888689473486
0.512589454119625,0.14982192206154227
0.5022674624113562,0.15118753045848335
0.49193586444876897,0.15247458430976357
0.48159510175108955,0.15368190291114264
0.4712456341384719,0.15480825049757835
0.46088794082014006,0.1558523339008516
0.4505225215379051,0.15681279997113406
0.44014989777167846,0.15768823273266955
0.42961624675922916,0.15847171576947514
0.418971563762519,0.15913954968792496
0.40831777687757254,0.15968769212755307
0.3976559855672886,0.16011439178206943
0.3869873388040487,0.16041782577882982
0.37631303766669894,0.16059609487755228
0.36563433815997337,0.16064721804108345
0.35495255429095846,0.16056912628220452
0.3442690614433922,0.1603596556730457
0.3335853000980923,0.16001653938248697
0.32290277995693,0.15953739858100305
0.31222308453893627,0.15891973202054174
0.30154787633086505,0.15816090405759342
0.2908789025915707,0.15725813083853202
0.28021800193078483,0.15620846430481136
0.2695671118095417,0.1550087735979993
0.2589282771432383,0.15365572334598848
0.24830366023134545,0.15214574818530935
0.23769555229312997,0.15047502271110866
0.2271063869606001,0.14863942583330095
0.21653875617406837,0.14663449823680955
0.20599542905049545,0.14445539127036225
0.19547937446196315,0.1420968050855752
0.1849937882884139,0.1395529131628817
0.17454212662060128,0.136817269414417
0.16412814662420713,0.13388269272731235
0.15375595739280093,0.1307411219211147
0.14343008400724533,0.12738343135314495
0.1331555493287056,0.12379919335440809
0.12293798002193917,0.11997636755636062
0.11278374634089855,0.11590088768740986
0.10270015001752651,0.11155610132307578
0.09269568245627499,0.106921993273908
0.0827803887619406,0.10197408105092469
0.07296639668206274,0.09668179579954145
0.06326871329088979,0.09100602199474968
0.05370647845190645,0.08489519167027336
0.04430504676268325,0.0782787378404876
0.03509969360864673,0.07105533260555746
0.0261428484464944,0.0630697125856407
0.017520161276669853,0.05406069957890579
0.009394017414960132,0.04351897535306076
0.0021725615906812937,0.030128443467864915
0.0,0.0
0.017827438409318705,-0.024309482808286927
0.030605982585039868,-0.032016056054317746
0.042479838723330145,-0.0370088236614107
0.0538571515535056,-0.04060388206980651
0.06490030639135327,-0.04331054951179711
0.07569495323731674,-0.045390004189214045
0.08629352154809355,-0.04699750948189958
0.09673128670911021,-0.04823439328968861
0.10703360331793725,-0.04917122259820606
0.1172196112380594,-0.049859565373727946
0.127304317543725,-0.05033853714126285
0.1372998499824735,-0.050638706755395196
0.14721625365910146,-0.05078455670510681
0.15706201997806085,-0.050796102179848035
0.1668444506712944,-0.05068999560409893
0.17656991599275468,-0.0504803032494522
0.1862440426071991,-0.050179065484451266
0.19587185337579285,-0.049796709978091255
0.20545787337939872,-0.04934236237305115
0.21500621171158613,-0.048824083849784095
0.22452062553803684,-0.04824905552115878
0.23400457094950455,-0.04762372347503998
0.24346124382593165,-0.046953914230994376
0.2528936130393999,-0.04624492763740584
0.26230444770687006,-0.04550161234554658
0.27169633976865454,-0.04472842767049326
0.28107172285676174,-0.04392949470233133
0.29043288819045837,-0.043108638845914024
0.2997819980692151,-0.042269425464710984
0.3091210974084293,-0.04141518993082945
0.31845212366913495,-0.04054906310270161
0.32777691546106374,-0.03967399303887367
0.33709722004307,-0.03879276359297168
0.34641469990190776,-0.03790801040850525
0.35573093855660776,-0.03702223473352657
0.3650474457090415,-0.03613781539756095
0.3743656618400266,-0.03525701923172844
0.3836869623333011,-0.034382010163898746
0.39301266119595135,-0.033514857181290714
0.40234401443271145,-0.032657541321057734
0.4116822231224274,-0.031811961823481755
0.421028436237481,-0.030979941561206953
0.4303837532407708,-0.030163231840523413
0.43985010222832155,-0.029361590454294817
0.4494774784620949,-0.02855856091860627
0.45911205917986,-0.027751194218086916
0.468754365861528,-0.026940906328492997
0.4784048982489104,-0.026129050399652826
0.488064135551231,-0.02531691959978545
0.4977325375886437,-0.024505749693933182
0.507410545880375,-0.02369672138633623
0.5170985846832755,-0.022890962452789154
0.5267970619858486,-0.02208954968577305
0.536506370462205,-0.021293510672372215
0.5462268883898548,-0.02050382542257862
0.5559589805347886,-0.019721427863515377
0.5657029990068894,-0.018947207213308982
0.5754592840883697,-0.018182009246777195
0.5852281650376175,-0.01742663746373728
0.5950099608705652,-0.016681854169549662
0.6048049811214589,-0.015948381476469375
0.6146135265846951,-0.01522690223346295
0.6244358900392122,-0.014518060891344303
0.6342723569567522,-0.013822464309373513
0.6441232061951764,-0.013140682508834156
0.6539887106778783,-0.012473249378551918
0.6638691380602338,-0.01182066333682244
0.6737647513839198,-0.01118338795377901
0.6836758097198468,-0.010561852537842253
0.6936025688003701,-0.009956452689542657
0.7035452816413699,-0.009367550825698602
0.7135041991547282,-0.008795476676652099
0.7234795707516742,-0.008240527759014252
0.7334716449374147,-0.007702969826149375
0.7434806698974219,-0.007183037298422776
0.7535068940757109,-0.006680933675054616
0.763550566745398,-0.0061968319292605295
0.773611938571801,-0.005730874888206061
0.7836912621683105,-0.005283175599172685
0.7937887926452352,-0.0048538176832052665
0.803904788151799,-0.00444285567740503
0.8140395104114465,-0.004050315366927543
0.8241932252505944,-0.003676194107654171
0.8343662031209456,-0.003320461140423548
0.8445587196154727,-0.0029830578976302105
0.8547710559781574,-0.0026638983029298735
0.8650034996075631,-0.0023628690647263875
0.8752563445543069,-0.0020798299640554657
0.8855298920124847,-0.0018146141374299138
0.8958244508050963,-0.001567028355157287
0.9061403378635093,-0.001336853295601171
0.9164778787009921,-0.0011238438158092598
0.9268374078803415,-0.000927729218899942
0.9372192694756258,-0.0007482135185585565
0.9476238175280562,-0.0005849757009648224
0.9580514164959995,-0.0004376699844417867
0.9685024416991389,-0.0003059260770905455
0.9789772797567888,-0.00018934943264726362
0.9894763290203629,-8.752150477739969e-05
1.0,2.6994130098222428e-17
