2D: iter4
1.0,-2.1069825299650048e-17
0.9902162558929181,0.003020062834428309
0.9804231353982916,0.005999052803350781
0.9706208146642972,0.008937414255072103
0.9608094642650821,0.011835571179487168
0.9509892493754072,0.014693927090343017
0.9411603299462541,0.017512864904402042
0.9313228608814138,0.020292746817280348
0.9214769922150708,0.023033914175719063
0.9116228692904073,0.02573668734602942
0.9017606329392418,0.028401365578432886
0.8918904196627315,0.0310282268669966
0.8820123618131596,0.03361752780484239
0.8721265877768362,0.03616950343428427
0.8622332221581452,0.03868436709151976
0.852332385964767,0.04116231024547619
0.8424241967941155,0.04360350233037706
0.8325087690210288,0.046008090571564034
0.8225862139867557,0.048376199804068876
0.8126566401892868,0.05070793228339211
0.8027201534750803,0.05300336748789966
0.7927768572322395,0.055262561912199346
0.7828268525852038,0.05748554885080888
0.7728702385910202,0.05967233817136513
0.7629071124372673,0.06182291607656302
0.7529375696417138,0.06393724485394253
0.7429617042537983,0.06601526261256206
0.7329796090580257,0.06805688300551577
0.7229913757793855,0.07006199493715379
0.7129970952909062,0.07203046225376547
0.702996857823471,0.07396212341636671
0.6929907531780338,0.07585679115410845
0.6829788709403842,0.07771425209668181
0.6729613006986276,0.07953426638393829
0.6629381322635639,0.08131656725077002
0.6529094558921618,0.08306086058510193
0.64287536251435,0.08476682445662945
0.6328359439633684,0.0864341086136963
0.6227912932099441,0.08806233394543439
0.6127415046005891,0.0896510919059844
0.6026866741003445,0.0911999438972764
0.5926268995403332,0.09270842060646398
0.5825622808705198,0.09417602129367406
0.5724929204181214,0.09560221302524505
0.5624189231521659,0.09698642984707201
0.5523403969547427,0.09832807189205005
0.542257452899563,0.09962650441489267
0.5321702055385118,0.10088105674678735
0.52207877319696,0.10209102116142149
0.511983278278695,0.10325565164284675
0.5018838475814371,0.10437416254442877
0.49178061262402945,0.10544572712672085
0.48167370998652903,0.10646947596048015
0.4715632816645895,0.10744449517916402
0.46144947543970927,0.1083698245630674
0.4513324452671373,0.10924445543472303
0.4412123516834777,0.11006732834222499
0.4310893622363267,0.11083733050366515
0.4209636519386162,0.11155329298179172
0.4108354037507415,0.11221398755318557
0.4007048090940206,0.11281812323054993
0.39057206839959147,0.11336434238993193
0.38043739169751933,0.11385121644660481
0.3703009992516744,0.11427724101364198
0.3601631222468908,0.11464083046553378
0.3500240035360557,0.11494031181506678
0.3395934736798582,0.11515709831275314
0.3291004325559676,0.11525781239826116
0.3186059734617198,0.11523973773504265
0.308111198598828,0.1151007735928159
0.29761726812257683,0.11483870065733395
0.28712540444226076,0.11445116848727616
0.27663689709716255,0.11393568093881351
0.26615310832043854,0.11328957915207753
0.25567547942987423,0.1125100215949078
0.2452055382186438,0.11159396053152015
0.23474490756352032,0.11053811411716577
0.22429531552600243,0.10933893310050778
0.21385860729860137,0.10799256082353534
0.20343675945129264,0.10649478481592177
0.1930318970723748,0.10484097774528431
0.1826463145891935,0.10302602474525349
0.17228250132065048,0.10104423310672442
0.16194317319073928,0.09888921884133037
0.151631312576186,0.09655376248588875
0.14135021906058515,0.09402962335226876
0.13110357506810957,0.09130729664562258
0.12089553219807606,0.08837569046969457
0.11073082700610136,0.08522168795120408
0.10061493975259533,0.08182954035259365
0.09055431772246712,0.07818000406317732
0.08055669898946184,0.07424907577576136
0.07063159896649823,0.07000607080677686
0.060791074174600966,0.06541057293163409
0.05105098788732845,0.060407322830070186
0.04143325775487862,0.05491703611568495
0.03197023191076418,0.048818315446552914
0.02271438456015976,0.04190708826652755
0.013764505764475039,0.033785643543815636
0.005367131448984094,0.0234268824666002
0.0,0.0
0.014632868551015907,-0.018993815442922918
0.026235494235524962,-0.025048647163610657
0.03728561543984024,-0.02899530019694444
0.04802976808923582,-0.031860873354741255
0.058566742245121386,-0.034043077668794317
0.06894901211267154,-0.03574598569525015
0.07920892582539904,-0.03709099477603423
0.08936840103350177,-0.03815738929754674
0.09944330101053815,-0.03900042858005057
0.10944568227753289,-0.03966052884813545
0.11938506024740467,-0.04016837478537026
0.12926917299389865,-0.04054796969894874
0.13910446780192395,-0.04081855719955685
0.14889642493189045,-0.040995886024752085
0.15864978093941484,-0.04109307304781505
0.168368687423814,-0.04112121016500138
0.17805682680926074,-0.04108980217115895
0.1877174986793495,-0.04100708975441852
0.1973536854108065,-0.040880292377962674
0.2069681029276252,-0.04071579403015813
0.21656324054870735,-0.04051928742010984
0.22614139270139863,-0.040295887414187215
0.2357046844739976,-0.040050221344773054
0.24525509243647967,-0.03978650168219402
0.25479446178135623,-0.039508585084460944
0.2643245205701258,-0.039220020802910704
0.2738468916795615,-0.03892409068229212
0.2833631029028375,-0.038623842458389374
0.2928745955577392,-0.03832211766336286
0.30238273187742315,-0.03802157515708107
0.311888801401172,-0.037724711083373004
0.3213940265382802,-0.03743387588355934
0.3308995674440324,-0.037151288871887005
0.34040652632014184,-0.036879050778637706
0.3499759964639443,-0.03661851685598582
0.3598368777531092,-0.03634381085351463
0.36969900074832557,-0.036041877228203935
0.3795626083024807,-0.035714388967267134
0.38942793160040856,-0.03536293169621387
0.3992951909059794,-0.03498900980197075
0.40916459624925844,-0.0345940518692645
0.4190363480613838,-0.03417941552204805
0.4289106377636733,-0.03374639174761813
0.4387876483165223,-0.03329620876939388
0.44866755473286274,-0.03283003552462712
0.4585505245602908,-0.03234898479522592
0.46843671833541045,-0.03185411603309624
0.47832629001347093,-0.03134643791570533
0.48821938737597054,-0.03082691066275827
0.49811615241856283,-0.030296448140797662
0.508016721721305,-0.029755919779066387
0.51792122680304,-0.029206152317011132
0.5278297944614883,-0.028647931401266258
0.5377425471004371,-0.028082003047780094
0.5476596030452574,-0.02750907498286527
0.5575810768478342,-0.026929817875334258
0.5675070795818785,-0.026344866470473592
0.5774377191294802,-0.02575482063538817
0.5873731004596667,-0.025160246324182907
0.5973133258996555,-0.024561676470519413
0.6072584953994109,-0.023959611814270768
0.6172087067900559,-0.023354521668283383
0.6271640560366316,-0.02274684463062715
0.6371246374856501,-0.02213698924716142
0.6470905441078383,-0.0215253346287543
0.6570618677364362,-0.020912231027062037
0.6670386993013725,-0.020298000372389213
0.6770211290596159,-0.019682936776810902
0.6870092468219661,-0.01906730700543497
0.6970031421765289,-0.01845135091840992
0.7070029047090938,-0.017835281886044614
0.7170086242206144,-0.017219287179188143
0.7270203909419742,-0.016603528336824592
0.7370382957462017,-0.01598814151266463
0.7470624303582862,-0.015373237802358084
0.7570928875627327,-0.014758903552810836
0.7671297614089798,-0.014145200654964447
0.7771731474147963,-0.013532166821278984
0.7872231427677606,-0.012919815849059477
0.7972798465249198,-0.0123081378706691
0.8073433598107133,-0.011697099591590099
0.8174137860132442,-0.011086644517214656
0.8274912309789711,-0.010476693169176893
0.8375758032058844,-0.009867143291976261
0.8476676140352329,-0.009257870050580989
0.8577667778418547,-0.008648726219649423
0.8678734122231638,-0.008039542364958041
0.8779876381868404,-0.007430127017579542
0.8881095803372685,-0.006820266841316395
0.8982393670607582,-0.0062097267938545815
0.9083771307095928,-0.0055982502820722795
0.9185230077849292,-0.004985559311902341
0.9286771391185863,-0.004371354633123308
0.9388396700537458,-0.0037553158794239195
0.9490107506245927,-0.0031371017040630984
0.9591905357349179,-0.0025163499114247093
0.9693791853357028,-0.0018926775847463713
0.9795768646017083,-0.0012656812102810311
0.9897837441070819,-0.0006349367981338041
1.0,2.1069825299650048e-17
