2D: iter3
1.0,-2.3326635903235568e-17
0.990343090255972,0.003734383240454273
0.9806698141411109,0.007414254527142586
0.9709804629335108,0.011040053053812351
0.9612753190982207,0.01461219657718945
0.9515546565874323,0.01813108124024303
0.9418187411435802,0.021597081393284895
0.9320678306053654,0.025010549412684106
0.9223021752167184,0.028371815516959196
0.9125220179387229,0.03168118757999117
0.9027275947645187,0.03493895094107859
0.8929191350372123,0.03814536821153246
0.8830968617708231,0.04130067907748358
0.8732609919743015,0.044405100098549186
0.8634117369786544,0.04745882450197246
0.8535493027672254,0.05046202197182089
0.8436738903091782,0.053414838432790004
0.8337856958962402,0.05631739582812502
0.8238849114827694,0.05916979189112736
0.8139717250292172,0.06197209990967113
0.8040463208490646,0.06472436848310334
0.7941088799593256,0.06742662127084731
0.7841595804347129,0.07007885673197203
0.7741985977655809,0.0726810478549218
0.7642261052197673,0.07523314187653213
0.7542422742084749,0.07773505998937977
0.7442472746563416,0.08018669703642639
0.734241275375874,0.08258792119182494
0.7242244444464306,0.08493857362664903
0.7141969495979642,0.08723846815819547
0.7041589585997573,0.08948739088137864
0.6941106396544069,0.0916850997805976
0.6840521617973451,0.09383132432030013
0.673983695302211,0.09592576501229422
0.6639054120924283,0.09796809295766495
0.653817486159373,0.09995794936094218
0.6437200939875698,0.10189494501392178
0.6336134149873918,0.10377865974627978
0.6234976319358004,0.10560864183981707
0.6133729314257167,0.10738440740283713
0.6032395043246841,0.10910543970078446
0.5930975462435568,0.11077118843884473
0.5829472580160323,0.1123810689917319
0.5727888461899417,0.11393446157534623
0.5626225235313183,0.1154307103543759
0.5524485095423826,0.11686912247922177
0.5422670309947283,0.11824896704483595
0.5320783224791356,0.11956947396316572
0.5218826269736268,0.12082983273986847
0.5116801964315763,0.12202919114478761
0.5014712923919166,0.12316665376433097
0.49125618661375015,0.12424128042233903
0.4810351617379787,0.1252520844542408
0.47080851197891266,0.12619803081722014
0.46057654384922825,0.12707803401671008
0.45033957692211196,0.12789095582673143
0.44009794463497476,0.12863560277832092
0.42975233254761136,0.1293067730981673
0.41933416387264105,0.12988688547030905
0.4089100501728715,0.1303727747767498
0.3984806793677101,0.13076297088813682
0.38804677107744184,0.1310559361912374
0.3776090784781138,0.13125006115578902
0.36716839031124654,0.13134365935016593
0.35672553307139265,0.13133496182201096
0.34628137339866927,0.13122211074471554
0.3358368207083642,0.13100315221205996
0.32539283009576847,0.13067602804061823
0.31495040556179954,0.13023856641161585
0.3045106036140982,0.1296884711493954
0.29407453730958866,0.12902330939067527
0.28364338081858176,0.1282404973449505
0.2732183746082038,0.1273372837784712
0.2628008313653252,0.1263107307679171
0.25239214280772476,0.1251576911592993
0.24199378756895337,0.12387478202474005
0.23160734039003872,0.1224583532234739
0.22123448291365225,0.12090444992810881
0.21087701645912266,0.11920876765075761
0.20053687726754832,0.11736659786431886
0.19021615485663007,0.1153727617155352
0.17991711433153643,0.11322152849969722
0.1696422237864121,0.11090651440820332
0.1593941883397742,0.10842055541007613
0.14917599293656653,0.10575554573653483
0.13899095691695573,0.10290222990161307
0.12884280465606646,0.09984993084895877
0.11873575858826751,0.09658618854222363
0.10867466411239135,0.09309627014834813
0.09866516107642953,0.08936249133297988
0.08871392535571634,0.08536325134936959
0.07882901961768123,0.08107161917046558
0.06902042129481821,0.07645318579187385
0.059300852785166086,0.07146265596820837
0.04968715964418891,0.06603813757412094
0.04020276269055193,0.06009088526430165
0.03088244170595543,0.053485099536594805
0.02178295629736207,0.04599263339166461
0.013011799471823089,0.03716910685974739
0.004838836590763333,0.025867495079984572
0.0,0.0
0.015161163409236667,-0.0214536166965502
0.026988200528176912,-0.028443760872764994
0.038217043702637926,-0.033058230581020503
0.04911755829404457,-0.03644405068217535
0.059797237309448074,-0.03904560114599316
0.07031284035581108,-0.04109102897180977
0.08069914721483393,-0.04271613366178084
0.0909795787051818,-0.0440096605612163
0.10117098038231877,-0.04503350179546435
0.11128607464428367,-0.045832952609911014
0.12133483892357047,-0.046442422008950296
0.13132533588760864,-0.04688884101963388
0.1412642414117325,-0.047193810388711024
0.15115719534393357,-0.04737501445053416
0.16100904308304426,-0.04744718603816281
0.17082400706343348,-0.047422785187945224
0.18060581166022582,-0.04731248895623354
0.19035777621358788,-0.04712555282899406
0.20008288566846358,-0.04687008257500764
0.20978384514336995,-0.046553242225251625
0.21946312273245167,-0.04618141558832763
0.22912298354087735,-0.045760333368945076
0.23876551708634777,-0.04529517442036129
0.24839265960996126,-0.04479064726967772
0.25800621243104666,-0.044251056404781566
0.26760785719227526,-0.04368035665306487
0.2771991686346748,-0.04308219815529302
0.28678162539179625,-0.04245996383934379
0.2963566191814182,-0.04181680085920612
0.3059254626904113,-0.041155647138200274
0.3154893963859018,-0.04047925391007613
0.3250495944382005,-0.039790204965338596
0.33460716990423156,-0.03909093316726937
0.34416317929163587,-0.03838373469152579
0.3537186266013307,-0.037670781356882434
0.3632744669286073,-0.03695413134676525
0.37283160968875345,-0.03623573856739392
0.3823909215218862,-0.03551746084537706
0.3919532289225582,-0.03480106713307183
0.40151932063228996,-0.034088243862104003
0.41108994982712843,-0.033380600562736035
0.4206658361273589,-0.03267967484820069
0.4302476674523886,-0.031986936847850665
0.43990205536502525,-0.031302250593660846
0.44966042307788806,-0.030612699313577255
0.4594234561507718,-0.02991607317154254
0.4691914880210873,-0.029213565636519966
0.47896483826202124,-0.028506314934488727
0.48874381338624984,-0.02779540656001577
0.49852870760808343,-0.02708187555591727
0.5083198035684238,-0.026366708586764202
0.5181173730263733,-0.02565084582871608
0.5279216775208645,-0.024935182695365106
0.5377329690052718,-0.024220571416867835
0.5475514904576175,-0.02350782248756688
0.5573774764686819,-0.022797705995514964
0.5672111538100582,-0.022090952845759994
0.5770527419839676,-0.021388255887901095
0.5869024537564431,-0.02069027095725009
0.5967604956753159,-0.01999761783790671
0.6066270685742833,-0.019310881155157014
0.6165023680641996,-0.018630611203815317
0.6263865850126082,-0.017957324718437147
0.6362799060124302,-0.017291505590718972
0.6461825138406271,-0.016633605538859952
0.6560945879075718,-0.01598404473318401
0.666016304697789,-0.015343212381895309
0.675947838202655,-0.014711467280464005
0.685889360345593,-0.014089138327804958
0.6958410414002426,-0.01347652501211024
0.7058030504020357,-0.01287389786893206
0.7157755555535693,-0.012281498913871314
0.7257587246241259,-0.011699542052013664
0.7357527253436584,-0.01112821346606229
0.7457577257915251,-0.010567671984943565
0.7557738947802327,-0.01001804943450458
0.7658014022344192,-0.009479450971783633
0.7758404195652872,-0.008951955404203966
0.7858911200406745,-0.00843561549493009
0.7959536791509355,-0.007930458255517695
0.8060282749707829,-0.007436485226897802
0.8161150885172305,-0.006953672749647054
0.8262143041037597,-0.006481972224418497
0.8363261096908218,-0.0060213103633380005
0.8464506972327746,-0.005571589433104131
0.8565882630213456,-0.0051326874904716845
0.8667390080256985,-0.004704458610745123
0.8769031382291769,-0.004286733109856961
0.8870808649627877,-0.003879317760564032
0.8972724052354814,-0.0034819960032490826
0.9074779820612772,-0.0030945281517813106
0.9176978247832817,-0.002716651594849722
0.9279321693946347,-0.002348080993155751
0.9381812588564197,-0.001988508472818359
0.9484453434125676,-0.0016376038153190844
0.9587246809017792,-0.0012950146442888243
0.9690195370664891,-0.0009603666094157824
0.9793301858588891,-0.0006332635677308044
0.989656909744028,-0.0003132877625080159
1.0,2.3326635903235568e-17
