2D: iter14
1.0,-2.3538163037747627e-17
0.9903610223392078,0.003820626711682449
0.9807090301649136,0.007595261117985368
0.9710442641061696,0.011324383284618145
0.9613669568864074,0.015008450901695176
0.9516773335364582,0.01864789913269508
0.9419756116089498,0.022243140460080878
0.9322620013940884,0.025794564527331733
0.9225367061368366,0.029302537977118424
0.9127999222554991,0.03276740428533559
0.9030518395617283,0.03618948359068179
0.8932926414819652,0.03956907251945459
0.8835225052803325,0.04290644400520287
0.8737416022829974,0.04620184710285237
0.8639500981040255,0.049455506796887067
0.8541481528727477,0.05266762380314119
0.8443359214626676,0.05583837436371676
0.8345135537219337,0.05896791003450709
0.8246811947054125,0.06205635746476104
0.8148389849083921,0.0651038181680797
0.8049870605019571,0.06811036828418626
0.7951255535700767,0.07107605833075345
0.7852545923484496,0.07400091294451663
0.7753743014651597,0.07688493061083058
0.7654848021831956,0.07972808338075837
0.7555862126448973,0.0825303165747022
0.7456786481183969,0.08529154847149505
0.7357622212461267,0.08801166998178094
0.7258370422954782,0.09069054430440064
0.7159032194117004,0.09332800656438689
0.7059608588731364,0.09592386343104001
0.6960100653489071,0.09847789271441407
0.686050942159161,0.10098984293838359
0.6760835915380226,0.10345943288828409
0.6661081148993825,0.10588635113092296
0.6561246131056907,0.1082702555045404
0.6461331867399266,0.11061077257605195
0.6361339363809417,0.11290749706263575
0.6261269628823884,0.11515999121441879
0.6161123676554704,0.11736778415467464
0.6060902529557785,0.11953037117356097
0.5960607221744993,0.12164721297099101
0.5860238801343214,0.12371773484374421
0.5759798333903893,0.1257413258113705
0.5659286905367094,0.12771733767481575
0.5558705625184407,0.12964508400098804
0.5458055629505673,0.13152383902567766
0.535733808443497,0.13335283646632454
0.5256554189362008,0.13513126823507665
0.515570518037577,0.13685828304138245
0.5054792333768123,0.13853298487197926
0.4953816969636024,0.14015443133455235
0.48527804555920734,0.14172163184950787
0.47516842105944135,0.14323354567218144
0.4650529708908399,0.14468907972534545
0.45493184842141576,0.1460870862190129
0.44480521338760637,0.14742636003119075
0.4346732323392398,0.14870563581932061
0.4245360791046092,0.14992358482753448
0.4143939352780474,0.15107881134942286
0.40424699073275683,0.15216984879957618
0.39409544416206743,0.15319515533950984
0.3839395036528,0.15415310899445364
0.37377938729500193,0.15504200218653585
0.3636153238330343,0.15586003559671097
0.3534475533638381,0.15660531125182536
0.3432763280892307,0.1572758247138194
0.33310191313032417,0.15786945622434673
0.3229245874136682,0.1583839606289457
0.31274464464056656,0.15881695586885003
0.30256239435329896,0.1591659097836834
0.2923781631148024,0.1594281249121166
0.2821922958218995,0.15960072090673016
0.2720051571765978,0.15968061408932122
0.26181713334562023,0.1596644935576119
0.25162863384551887,0.15954879310541464
0.24144009370002073,0.15932965802420113
0.2312519759283497,0.15900290559851885
0.22106477443920228,0.15856397776779485
0.21087901742626122,0.1580078839697205
0.20069527138971405,0.15732913155738903
0.19051414594727967,0.15652164032217336
0.1803362996523407,0.15557863644916256
0.1701624471129446,0.15449251951609527
0.1598182799710536,0.15325403641009133
0.14534832252885446,0.15141026741976454
0.13110418977993202,0.14858540195913084
0.11715259169524012,0.14479557424505282
0.10355497282952332,0.1400632632567399
0.09036640545517013,0.13441475910203704
0.0776355134226051,0.1278772238972935
0.06540552779687245,0.1204755045455379
0.05371656759164366,0.11222871465399134
0.042609363439217514,0.10314635169342587
0.032131014899287144,0.09322326589221033
0.02234429074716708,0.08243186769382595
0.013344367948655612,0.07070763827994914
0.0052941527832214945,0.05791690392041675
-0.0014825067876913615,0.04376777090449957
-0.00614285420638176,0.02745513663126825
0.0,0.0
0.02614285420638176,-0.009306102855406518
0.04148250678769136,-0.008637607870180263
0.0547058472167785,-0.006973516145044042
0.0666556320513444,-0.005118930280927171
0.07765570925283292,-0.0033657439885589197
0.08786898510071285,-0.0018476309981023883
0.0973906365607825,-0.0006291101278811731
0.10628343240835635,0.00026222906558590747
0.11459447220312755,0.0008212368106677789
0.1223644865773949,0.0010574105781364362
0.12963359454482987,0.0009898639752129873
0.13644502717047668,0.0006434439049260582
0.1428474083047599,4.531248362488194e-05
0.148895810220068,-0.0007782401808455464
0.15465167747114553,-0.0018047351092758263
0.1601817200289464,-0.0030180380848033733
0.16983755288705543,-0.004275243442189117
0.1796637003476593,-0.005423599637666476
0.18948585405272034,-0.006471467344728213
0.19930472861028597,-0.007426446985635701
0.20912098257373876,-0.008295312375299804
0.21893522556079772,-0.009084143722347698
0.22874802407165032,-0.00979843367368613
0.23855990629997925,-0.01044317279162367
0.2483713661544811,-0.011022919136733325
0.2581828666543798,-0.01154185542446759
0.26799484282340225,-0.012003836363354767
0.2778077041781006,-0.012412428159582503
0.28762183688519755,-0.01277094171542853
0.297437605646701,-0.0130824607090958
0.30725535535943344,-0.013349865488003779
0.3170754125863318,-0.013575853513481645
0.32689808686967586,-0.013762956945905763
0.33672367191076935,-0.013913557844042385
0.34655244663616186,-0.014029901362353159
0.3563846761669657,-0.01411410725918441
0.36622061270499806,-0.014168179972595882
0.3760604963472,-0.014194017475741061
0.3859045558379326,-0.014193419087665568
0.3957530092672432,-0.014168092386241032
0.40560606472195254,-0.014119659346237726
0.41546392089539075,-0.014049661806140187
0.42532676766076016,-0.013959566351358074
0.43519478661239364,-0.013850768688300832
0.44506815157858426,-0.013724597572836464
0.45494702910916013,-0.013582318347523395
0.4648315789405586,-0.013425136134354573
0.4747219544407926,-0.013254198723317082
0.4846183030363976,-0.01307059919163854
0.4945207666231876,-0.012875378283983246
0.504429481962423,-0.012669526579945127
0.5143445810637992,-0.012453986471838888
0.524266191556503,-0.01222965397292717
0.5341944370494328,-0.01199738037376158
0.5441294374815594,-0.011757973762194097
0.5540713094632908,-0.011512200420784845
0.5640201666096106,-0.011260786113743461
0.5739761198656785,-0.011004417274161911
0.5839392778255006,-0.010743742101094349
0.5939097470442215,-0.010479371574990785
0.6038876323445296,-0.010211880399071782
0.6138730371176115,-0.009941807873424177
0.6238660636190583,-0.009669658707890195
0.6338668132600734,-0.009395903779196364
0.6438753868943093,-0.009120980837215631
0.6538918851006176,-0.008845295164769888
0.6639164084619775,-0.00856922019494355
0.6739490578408391,-0.0082930980894965
0.6839899346510928,-0.008017240281621228
0.6940391411268635,-0.007741927985982312
0.7040967805882995,-0.007467412678705217
0.7141629577045218,-0.0071939165497358765
0.7242377787538733,-0.0069216329297739215
0.7343213518816031,-0.006650726693786635
0.7444137873551027,-0.006381334642933285
0.7545151978168044,-0.006113565866569817
0.7646256985348403,-0.0058475020858632515
0.7747454076515504,-0.005583197980411396
0.7848744464299233,-0.005320681499151159
0.795012939498043,-0.005059954156727803
0.805161015091608,-0.00480099131640593
0.8153188052945874,-0.0045437424605127875
0.8254864462780662,-0.004288131449325282
0.8356640785373324,-0.004034056769242237
0.8458518471272523,-0.00378139177101482
0.8560499018959745,-0.003529984898749717
0.8662583977170026,-0.0032796599103449113
0.8764774947196675,-0.0030302160899661756
0.8867073585180348,-0.002781428453129526
0.8969481604382717,-0.00253304794490921
0.907200077744501,-0.002284801631756374
0.9174632938631635,-0.0020363928873734314
0.9277379986059117,-0.0017875015730618431
0.9380243883910501,-0.0015377842129269091
0.9483226664635417,-0.001286874164297935
0.9586330431135925,-0.0010343817836957299
0.9689557358938303,-0.0007798945886572607
0.9792909698350863,-0.0005229774157039105
0.9896389776607922,-0.0002631725747212863
1.0,2.3538163037747627e-17
