2D: iter1
1.0,-9.226991330752665e-18
0.9803705959581033,0.0063494134613861905
0.960700336381421,0.012455495415763632
0.9409904495817364,0.01831911725196673
0.9212421016097508,0.023941022872475196
0.9014564023712796,0.029321825627679314
0.8816344119393483,0.0344620052643447
0.8617771470598949,0.03936190488087973
0.8418855878489502,0.04402172787918599
0.8219606846795382,0.04844153489955069
0.802003365257141,0.052621240721134666
0.7820145418834451,0.05656061110600556
0.7619951189093139,0.060259259559229755
0.7419460003795507,0.06371664397109064
0.7218680978741361,0.06693206309983236
0.70176233855334,0.06990465284415556
0.6816296734175523,0.07263338224366572
0.6614710857970113,0.07511704913213871
0.6412876000920605,0.07735427535223423
0.6210802907913775,0.07934350142039234
0.6008502918041735,0.08108298050608317
0.5805988061531026,0.08257077155901577
0.5603271160881562,0.08380473137957911
0.5400365936989757,0.0847825053792958
0.5197992388345517,0.08552316034379094
0.4995596943777658,0.08605801346856587
0.47930967540441294,0.08638451693450411
0.4590505116695303,0.08649941892266058
0.43878364596710523,0.08639915498622945
0.4185106476452041,0.0860798183864057
0.39823322786085674,0.08553712378712322
0.3779532570521281,0.08476636241854668
0.3576727852678289,0.08376234616172251
0.3373940662257968,0.08251933707040698
0.3171195863023453,0.08103095748858787
0.2968521001421887,0.0792900739151981
0.27659467530812304,0.07728864473466104
0.25635074951164266,0.07501751723527925
0.2361242057381221,0.07246615186057265
0.21591947346971102,0.06962223935524325
0.1957416690927586,0.06647115554462063
0.17559679718419766,0.06299516131776772
0.15549205031127078,0.059172186002378835
0.13543627629816035,0.05497389488709327
0.11544074807135823,0.05036244893106499
0.0955205242503804,0.04528468177882864
0.07569708720726682,0.039660625370044
0.05600416575199598,0.033357772731747184
0.03650340562236025,0.02612065850575358
0.017344823793363502,0.017294284939821884
0.0,0.0
0.0226551762066365,-0.009087028493721942
0.04349659437763975,-0.010017283132423203
0.06399583424800401,-0.009669415950055878
0.08430291279273318,-0.008698424698861259
0.1044794757496196,-0.007359774737023976
0.12455925192864176,-0.005785973037507913
0.14456372370183967,-0.004056987660653263
0.16450794968872923,-0.002225984961925418
0.18440320281580233,-0.000330803982170412
0.2042583309072414,0.0016002205672511066
0.22408052653028898,0.0035450180140333756
0.2438757942618779,0.005485849247239369
0.26364925048835736,0.0074080900921986576
0.283405324691877,0.009299431293613256
0.30314789985781126,0.011149333295003054
0.3228804136976547,0.01294864338467068
0.34260593377420323,0.01468931994703944
0.36232721473217105,0.016364229481042276
0.3820467429478719,0.017966994330666994
0.4017667721391433,0.019491876549669815
0.42148935235479584,0.020933688019097188
0.4412163540328948,0.022287719969113787
0.4609494883304697,0.02354968706365352
0.480690324595587,0.024715682563911316
0.5004403056222342,0.025782142023081402
0.5202007611654483,0.026745813622218662
0.5399634063010244,0.027603339098977785
0.5596728839118439,0.028319690868871584
0.5794011938468974,0.028871781292843863
0.5991497081958265,0.029257255782417238
0.6189197092086225,0.02947397113798065
0.6387123999079395,0.029519986309243188
0.6585289142029888,0.029393554465674966
0.6783703265824478,0.029093116123716033
0.6982376614466599,0.028617293126026126
0.7181319021258639,0.027964883306381055
0.7380539996204493,0.027134855704386365
0.7580048810906861,0.026126346218742647
0.777985458116555,0.02493865360769407
0.7979966347428591,0.023571235761524034
0.8180393153204617,0.022023706185298923
0.8381144121510498,0.020295830641086345
0.858222852940105,0.018387523908047154
0.8783655880606517,0.016298846626468556
0.8985435976287205,0.01403000219825215
0.9187578983902492,0.011581333721806315
0.9390095504182635,0.008953320943896687
0.9592996636185789,0.006146577214913482
0.9796294040418967,0.003161846437336454
1.0,9.226991330752665e-18
