2D: iter5
1.0,-5.609622042192563e-18
0.9806671121164513,0.014995634992867298
0.9612391029587686,0.028900653472285646
0.9417105598458266,0.04171296549991699
0.9220759851259218,0.05342938893407391
0.9023300446812111,0.06404552426808281
0.8824678744723689,0.07355567050297895
0.8624854365092995,0.08195280402069545
0.8423799057616796,0.08922864218674254
0.8221500588374707,0.09537380904536279
0.8017966259207487,0.10037811114380776
0.7813225622709054,0.10423091750644231
0.7607331972666798,0.1069216208947082
0.7400362291403214,0.10844014109222187
0.7199052961918854,0.109239584484297
0.699794430334488,0.10987380987912454
0.6796724499522107,0.11034348347386104
0.6595399031631944,0.11064795319155923
0.6393973608598517,0.11078643265362216
0.6192454215560617,0.11075799694982899
0.5990847164396087,0.11056157781577292
0.578915914665531,0.11019595809467432
0.5587397289346338,0.10965976533260763
0.5385569214122794,0.10895146432071717
0.5183683100564068,0.10806934835259718
0.49817477544150307,0.10701152890637661
0.4779772681883116,0.10577592338462549
0.4577768171392456,0.10436024044459322
0.4375745384594181,0.1027619623174337
0.4173716458966681,0.10097832333492762
0.3971694625064079,0.09900628363674105
0.37696943424662427,0.09684249669223828
0.3567731459870471,0.09448326879571091
0.33658234067292403,0.0919245080171158
0.31639894266701235,0.08916165910924813
0.29622508670972036,0.08618961942161198
0.2760631545628935,0.08300262867906252
0.25591582236599736,0.07959412208845483
0.2357861232581717,0.07595653083195925
0.21567753231011863,0.07208100512669238
0.19559408502732975,0.06795701990617695
0.17554054813458755,0.06357179631131321
0.15552267517315493,0.05890942202424369
0.13554760665542984,0.05394945413109478
0.11562453212982708,0.04866457659761465
0.09576586507552479,0.04301639075470268
0.07598953014835556,0.03694712040097034
0.05632403230767854,0.030361006131606666
0.03682215781895244,0.023073397403383086
0.017614080758113642,0.014610803641632635
0.0,0.0
0.02238591924188636,-0.004466257980742014
0.04317784218104756,-0.00306260715389922
0.06367596769232145,-0.0007622723658269187
0.08401046985164444,0.0019612558088079185
0.10423413492447522,0.004923326826776719
0.12437546787017291,0.008028181283268519
0.1444523933445702,0.011218042976894795
0.16447732482684507,0.0144545132385549
0.18445945186541243,0.017710276033997056
0.20440591497267027,0.020964888449347595
0.22432246768988137,0.024202438166749093
0.2442138767418283,0.027410146327101752
0.26408417763400266,0.03057748786392835
0.28393684543710657,0.03369561299434549
0.3037749132902796,0.03675695290052346
0.32360105733298766,0.03975494278931736
0.343417659327076,0.04268382238558241
0.36322685401295285,0.04553848903882261
0.38303056575337574,0.048314387501833186
0.40283053749359216,0.05100742584457099
0.4226283541033319,0.05361391036132765
0.4424254615405819,0.05613049452146746
0.4622231828607544,0.0585541384646564
0.48202273181168837,0.060882076522675216
0.501825224558497,0.06311179092667785
0.5216316899435932,0.06524099033391362
0.5414430785877207,0.06726759214695263
0.5612602710653664,0.06918970784392381
0.5810840853344689,0.07100563071842135
0.6009152835603913,0.07271382556158967
0.6207545784439383,0.07431291991950309
0.6406026391401484,0.07580169663538207
0.6604600968368056,0.07717908744481977
0.6803275500477894,0.07844416743759537
0.700205569665512,0.0795961502351119
0.7200947038081146,0.0806343837604221
0.7399637708596786,0.08155725492032738
0.7592668027333203,0.08185201025144169
0.7786774377290947,0.08108704553293186
0.7982033740792513,0.0792522805484143
0.8178499411625292,0.07633710805933085
0.8376200942383203,0.0723308970900462
0.8575145634907004,0.06722345418781205
0.8775321255276312,0.06100540339687089
0.8976699553187889,0.05366846208273299
0.9179240148740783,0.04520560662733146
0.9382894401541733,0.03561113603170171
0.9587608970412314,0.024880650789169872
0.9793328878835487,0.013010968758048658
1.0,5.609622042192563e-18
