     1.000000   -0.000000
     0.999022    0.000328
     0.997489    0.000842
     0.995865    0.001384
     0.994137    0.001960
     0.992290    0.002573
     0.990303    0.003231
     0.988151    0.003942
     0.985801    0.004714
     0.983212    0.005562
     0.980330    0.006502
     0.977085    0.007555
     0.973390    0.008747
     0.969127    0.010114
     0.964140    0.011700
     0.958199    0.013573
     0.950914    0.015845
     0.941635    0.018699
     0.929372    0.022405
     0.912931    0.027254
     0.891452    0.033390
     0.865616    0.040474
     0.837288    0.047878
     0.807894    0.055164
     0.778082    0.062147
     0.748095    0.068763
     0.718031    0.074986
     0.687943    0.080803
     0.657870    0.086205
     0.627846    0.091183
     0.597907    0.095729
     0.568089    0.099832
     0.538431    0.103484
     0.508978    0.106675
     0.479800    0.109394
     0.451017    0.111629
     0.422885    0.113366
     0.396200    0.114572
     0.370927    0.115152
     0.346280    0.115140
     0.322088    0.114557
     0.298313    0.113411
     0.274974    0.111709
     0.252118    0.109462
     0.229812    0.106685
     0.208139    0.103400
     0.187202    0.099638
     0.167139    0.095448
     0.148119    0.090898
     0.130356    0.086088
     0.114058    0.081143
     0.099448    0.076223
     0.086625    0.071465
     0.075511    0.066962
     0.066035    0.062815
     0.058024    0.059038
     0.051210    0.055577
     0.045347    0.052383
     0.040259    0.049452
     0.035813    0.046773
     0.031903    0.044328
     0.028439    0.042079
     0.025351    0.039964
     0.022590    0.037943
     0.020112    0.035994
     0.017883    0.034104
     0.015867    0.032265
     0.014035    0.030472
     0.012365    0.028723
     0.010845    0.027028
     0.009465    0.025389
     0.008211    0.023807
     0.007073    0.022280
     0.006040    0.020803
     0.005105    0.019375
     0.004258    0.017990
     0.003495    0.016648
     0.002809    0.015343
     0.002197    0.014073
     0.001655    0.012837
     0.001180    0.011631
     0.000770    0.010455
     0.000422    0.009305
     0.000135    0.008180
    -0.000091    0.007079
    -0.000257    0.006000
    -0.000364    0.004942
    -0.000411    0.003904
    -0.000398    0.002884
    -0.000323    0.001882
    -0.000185    0.000897
     0.000018   -0.000073
     0.000288   -0.001028
     0.000624   -0.001971
     0.001026   -0.002902
     0.001493   -0.003824
     0.002025   -0.004738
     0.002623   -0.005645
     0.003288   -0.006547
     0.004022   -0.007445
     0.004827   -0.008341
     0.005705   -0.009234
     0.006661   -0.010128
     0.007698   -0.011022
     0.008821   -0.011918
     0.010037   -0.012817
     0.011353   -0.013721
     0.012777   -0.014630
     0.014320   -0.015546
     0.015996   -0.016470
     0.017818   -0.017402
     0.019806   -0.018342
     0.021980   -0.019288
     0.024360   -0.020235
     0.026964   -0.021172
     0.029811   -0.022085
     0.032938   -0.022962
     0.036390   -0.023792
     0.040210   -0.024568
     0.044453   -0.025295
     0.049204   -0.026003
     0.054608   -0.026729
     0.060854   -0.027466
     0.068201   -0.028186
     0.076989   -0.028829
     0.087719   -0.029349
     0.101027   -0.029709
     0.117559   -0.029812
     0.137998   -0.029521
     0.162664   -0.028731
     0.191401   -0.027389
     0.223744   -0.025540
     0.259017   -0.023311
     0.295756   -0.020929
     0.331873   -0.018668
     0.366966   -0.016651
     0.401637   -0.014915
     0.437670   -0.013293
     0.475371   -0.011565
     0.513201   -0.009847
     0.550623   -0.008207
     0.587607   -0.006678
     0.624232   -0.005280
     0.660582   -0.004028
     0.696734   -0.002931
     0.732749   -0.001995
     0.768659   -0.001225
     0.804397   -0.000621
     0.839544   -0.000185
     0.872602    0.000086
     0.900560    0.000214
     0.921389    0.000252
     0.936203    0.000251
     0.946953    0.000236
     0.955144    0.000217
     0.961694    0.000196
     0.967125    0.000177
     0.971730    0.000158
     0.975698    0.000140
     0.979166    0.000123
     0.982237    0.000107
     0.984988    0.000092
     0.987479    0.000078
     0.989758    0.000065
     0.991860    0.000053
     0.993812    0.000040
     0.995636    0.000029
     0.997351    0.000018
     0.998968    0.000007
     1.000000    0.000000
