2D: initialNACA
1.0,-1.279144674280585e-17
0.9804159761157979,0.006042441483127824
0.9607937052570065,0.011902683269172223
0.9411344890395538,0.017582450955689194
0.9214395517316678,0.02308328088472565
0.9017100459252312,0.02840651672513928
0.881947058327317,0.033553305960248754
0.8621516156733123,0.03852459626100038
0.8423246907635693,0.04332113172124921
0.8224672086261793,0.04794344892752596
0.8025800528092776,0.052391872830671204
0.7826640718072722,0.056666512380796105
0.7627200856266049,0.06076725587997969
0.7427488924981248,0.064693765998676
0.7227512757449553,0.06844547439166845
0.702728010816932,0.07202157583716397
0.682679872505379,0.0754210218077568
0.6626076423552791,0.07864251336384831
0.6425121162959511,0.08168449323783554
0.6223941125163454,0.08454513694987087
0.6022544796172827,0.08722234276179947
0.5820941050806988,0.08971372023308513
0.5619139241056786,0.0920165770885959
0.5417149288733348,0.09412790403961396
0.5214981783182024,0.09604435711172313
0.5012648085038465,0.09776223691995736
0.4810160437262918,0.09927746418396421
0.46075320850272006,0.10058555058161649
0.44047774064752393,0.10168156378100468
0.4201912056973821,0.10256008514289514
0.39977778819178433,0.10320565686163384
0.37913393847348376,0.10349914526418458
0.35847895894629256,0.10340053830283462
0.3378179539008432,0.10290174184876996
0.31715652696254715,0.10199388495095701
0.29650084640395225,0.1006671716752165
0.27585772714140144,0.09891068479707293
0.2552347361234183,0.09671212185623074
0.23464033116159183,0.0940574340845886
0.2140840486949071,0.0909303222872759
0.1935767651571613,0.08731151574813584
0.1731310727682126,0.0831777104439774
0.15276184043072003,0.07849994985698508
0.13248708898953215,0.07324104735586892
0.11232943363691421,0.06735125629870328
0.09231863151783906,0.06076047699077453
0.072496514061113,0.05336287943945013
0.05292784953315436,0.04498236909912568
0.03372949252062584,0.035277984945077806
0.015182423012509503,0.02337189452440629
0.0,0.0
0.0248175769874905,-0.012283353763369673
0.04627050747937416,-0.013659503655108922
0.06707215046684564,-0.013392547512328885
0.087503485938887,-0.012360317787929759
0.10768136848216095,-0.01090377550663494
0.1276705663630858,-0.009199015214048839
0.14751291101046787,-0.007351866902803948
0.16723815956927998,-0.005432430267613947
0.18686892723178739,-0.003490451950404462
0.20642323484283873,-0.0015631185824654115
0.2259159513050929,0.00032061331838762613
0.24535966883840815,0.002137439728963686
0.2647652638765817,0.0038680899331059657
0.2841422728585986,0.005496264735943834
0.30349915359604773,0.007007915369375964
0.32284347303745287,0.008390739373106831
0.34218204609915687,0.009633819522660882
0.3615210410537074,0.01072735988385888
0.38086606152651625,0.01166248950566725
0.4002222118082157,0.012431114259271944
0.41980879430261786,0.013055521426972867
0.4395222593524761,0.013631560567323023
0.45924679149728,0.014161929914271426
0.47898395627370816,0.014641210828584404
0.4987351914961535,0.01506447097835243
0.5185018216817976,0.015427222041448356
0.5382850711266652,0.015725384737519686
0.5580860758943215,0.015955259681600407
0.5779058949193011,0.016113502899274358
0.5977455203827172,0.016197105101823678
0.6176058874836546,0.01620337401411643
0.637487883704049,0.016129919195616405
0.6573923576447209,0.01597463890816877
0.6773201274946211,0.01573570867192591
0.6972719891830679,0.015411571219284877
0.7172487242550446,0.015000927610647013
0.7372511075018752,0.014502729318606574
0.7572799143733951,0.013916171121370488
0.7773359281927279,0.013240684673722178
0.7974199471907225,0.01247593264611567
0.8175327913738206,0.011621803340630035
0.8376753092364306,0.01067840570737636
0.8578483843266876,0.00964606469719526
0.878052941672683,0.00852531689661746
0.8982899540747689,0.00731690639949799
0.9185604482683323,0.006021780876783168
0.9388655109604461,0.00464108781179171
0.9592062947429935,0.0031761708733812153
0.9795840238842021,0.001628566403598649
1.0,1.279144674280585e-17
