2D: iter15
1.0,-7.560984028589957e-18
0.9808191546673578,0.014105357149801783
0.9615270486080557,0.027308702730964547
0.9421196550372238,0.03960763903619823
0.9225929729406466,0.050998896126871834
0.9029432014755852,0.0614782700183747
0.883166941616905,0.0710405872074612
0.8632614196564871,0.07967970471057335
0.8432247236102153,0.08738855419514693
0.8230560399631348,0.09415923692875296
0.8027558750445638,0.09998317299084211
0.7823262433394116,0.10485130356884677
0.7617708048706837,0.10875433958005543
0.7410949359163286,0.11168304402479864
0.7203057218843429,0.1136285303215674
0.6999045754394132,0.11475182556779602
0.6797436125896172,0.1156412880524739
0.659567462510467,0.11634711365628131
0.639376918833055,0.11686824642748847
0.6191728130063634,0.11720345084182834
0.598956021273147,0.11735130558030511
0.5787274719705825,0.11731019638864179
0.558488153214992,0.1170783078217026
0.5382391210446963,0.11665361363001243
0.5179815081138535,0.11603386548634179
0.49771653305427827,0.11521657967394573
0.4774455106535408,0.11419902125850034
0.4571698630386243,0.11297818513474868
0.43689113210862945,0.11155077316454161
0.41661099353256054,0.10991316638835055
0.39633127272650914,0.10806139097264625
0.3760539633595113,0.1059910761140172
0.3557812491254173,0.10369740150206826
0.33551552978442517,0.10117503106170425
0.3152594528618003,0.0984180284174648
0.29501595295557387,0.09541974763304659
0.2747883014527662,0.0921726899236382
0.25458017075887274,0.0886683126164064
0.23439571921102523,0.08489676959386938
0.21423970621884073,0.08084655088752273
0.1941176528892075,0.07650396938473829
0.1740360734779469,0.07185240760570524
0.15400282172561564,0.06687117215762164
0.13402763297610487,0.061533674020241916
0.11412302095407152,0.05580437707856212
0.09430586884223534,0.04963331396341884
0.07460052600571487,0.04294527824683432
0.05504566932110231,0.03561557973785994
0.03571284271038287,0.027403700654850444
0.016778293564479074,0.01769269313058618
0.0,0.0
0.023221706435520927,-0.007181588316947977
0.04428715728961713,-0.006680568178818732
0.06495433067889768,-0.004979496750679416
0.08539947399428513,-0.0026953218997496815
0.10569413115776467,-6.8561407674788e-05
0.12587697904592846,0.002776094534596655
0.14597236702389516,0.0057634394990868955
0.16599717827438437,0.008843506116632503
0.1859639265220531,0.011980758272229528
0.20588234711079254,0.015148606945632411
0.22576029378115928,0.01832635874403922
0.24560428078897475,0.021497396187639094
0.2654198292411273,0.024648032163803922
0.2852116985472338,0.027766756704029283
0.3049840470444261,0.030843723690833318
0.3247405471381997,0.03387039045138287
0.3444844702155749,0.03683925820086647
0.36421875087458266,0.03974368100298088
0.3839460366404887,0.04257772248226558
0.4036687272734909,0.045336046563625505
0.42338900646743943,0.048013832936665474
0.44310886789137055,0.05060671079797398
0.46283013696137576,0.0531107063140218
0.48255448934645917,0.05552220052528031
0.5022834669457218,0.05783789529360041
0.5220184918861466,0.060054785513725124
0.5417608789553038,0.062170136251330596
0.5615118467850081,0.06418146378967181
0.5812725280294174,0.06608651980151933
0.601043978726853,0.067883278037398
0.6208271869936366,0.06956992305217208
0.640623081166945,0.07114484059156453
0.660432537489533,0.07260660933657964
0.6802563874103829,0.07395399376295025
0.7000954245605867,0.07518593791894666
0.719694278115657,0.07625535208901223
0.7389050640836714,0.07662436746616041
0.7582291951293163,0.07613249890847104
0.7776737566605885,0.07477085983443514
0.7972441249554363,0.07253021324438322
0.8169439600368651,0.06940127005560386
0.8367752763897847,0.06537497145552931
0.8567385803435129,0.06044273752361033
0.876833058383095,0.05459666952741792
0.8970567985244149,0.04782969913438787
0.9174070270593535,0.040135683360962196
0.9378803449627761,0.03150944870389536
0.9584729513919442,0.02194679117857652
0.9791808453326422,0.011444440846374746
1.0,7.560984028589957e-18
