2D: iter1
1.0,-1.15739235159068e-17
0.9804906504311374,0.006998892013614753
0.9609351132739061,0.01377444397821474
0.9413348275019595,0.020327927661618877
0.9216911502989641,0.026660451070217667
0.9020053636705178,0.03277295463710707
0.8822786812557037,0.03866620737358209
0.862512255338114,0.04434080297100601
0.842707184056514,0.04979715583671717
0.8228645188158111,0.05503549704367665
0.8029852718996963,0.060055870168883765
0.7830704242872736,0.06485812699004137
0.763120933677243,0.06944192300336414
0.7431377427248075,0.07380671271755747
0.7231217874985316,0.07795174466957258
0.7030740061669646,0.08187605609639752
0.682995347928097,0.08557846718341744
0.6628867821987873,0.08905757479317576
0.6427493080863897,0.09231174555792698
0.6225839641711701,0.09533910819419883
0.6023918386360709,0.0981375448663708
0.5821740797903948,0.1007046813873064
0.561931907046603,0.10303787599505648
0.5416666224254353,0.10513420638249683
0.5213796226849834,0.10699045457729282
0.5010724121955954,0.10860308916707065
0.48074661671648716,0.10996824423117663
0.46040399827437745,0.11108169416479831
0.4400464714031412,0.11193882334771452
0.4194644388644534,0.11248731748353008
0.39883481850135033,0.11264566939509459
0.3781923782282752,0.11240665847142903
0.3575419098496594,0.11176357071540664
0.336888649045788,0.11070911637353628
0.31623832732887414,0.10923532893975166
0.29559723631977186,0.10733343253634138
0.2749723090638978,0.10499366573802518
0.2543712252855491,0.10220504424229568
0.23380255091962282,0.09895503576561873
0.21327592786089647,0.09522910570726155
0.19280233932874696,0.09101006682629652
0.17239449290097827,0.08627712120093281
0.1520673940906017,0.08100439871287984
0.13183924384912077,0.07515862972382328
0.11173292109799841,0.06869523453951126
0.09177860661012185,0.06155128319639898
0.07201887261283228,0.05363159967752634
0.052519911974057865,0.04477754505342535
0.033401726350621816,0.03468147441855231
0.014954385293749858,0.022550228296548153
0.0,0.0
0.025045614706250142,-0.009756757659326043
0.046598273649378186,-0.009693121927154495
0.06748008802594213,-0.008192899490898253
0.08798112738716772,-0.006049249826916379
0.10822139338987816,-0.0035698178407525573
0.12826707890200156,-0.0009132424618748108
0.14816075615087926,0.001825300292756793
0.16793260590939832,0.004582880459597448
0.1876055070990217,0.007314918344395266
0.20719766067125306,0.009988144308835947
0.22672407213910353,0.012576688234628888
0.24619744908037716,0.015059752199983248
0.2656287747144509,0.017420148963971434
0.28502769093610225,0.01964334392586066
0.3044027636802281,0.021716804802116782
0.3237616726711259,0.023629547290232394
0.343111350954212,0.02537180996492725
0.3624580901503406,0.02693481694848994
0.38180762177172484,0.028310601734854203
0.4011651814986497,0.02949187457052889
0.4205355611355466,0.030471921458387202
0.4399535285968588,0.031245438372509343
0.4595960017256226,0.031875507918015314
0.4792533832835128,0.032399923103452244
0.4989275878044046,0.03281406830859909
0.5186203773150166,0.03311371792864336
0.5383333775745648,0.033295006042931355
0.5580680929533971,0.03335440123908926
0.5778259202096051,0.03328868554478249
0.597608161363929,0.03309493665288676
0.6174160358288299,0.032770512801452996
0.6372506919136103,0.03231303980334466
0.6571132178012128,0.03172039982294125
0.6770046520719031,0.03099072157677052
0.6969259938330353,0.030122371697086994
0.7168782125014683,0.029113947046434004
0.7368622572751925,0.027964267810196754
0.756879066322757,0.02667237122536328
0.7769295757127265,0.02523750582888482
0.7970147281003038,0.023659126129466777
0.8171354811841888,0.021936887623323815
0.8372928159434859,0.02007064208815875
0.8574877446618859,0.01806043310097094
0.8777213187442963,0.01590649173472146
0.8979946363294823,0.013609232396748643
0.918308849701036,0.011169248778415757
0.9386651724980404,0.008587309891017882
0.9590648867260938,0.005864356167650873
0.9795093495688626,0.0030014956147052687
1.0,1.15739235159068e-17
