     1.000000   -0.000000
     0.996201    0.001101
     0.992876    0.002060
     0.990334    0.002791
     0.987193    0.003691
     0.981113    0.005422
     0.970643    0.008372
     0.958545    0.011732
     0.945026    0.015424
     0.929701    0.019532
     0.914045    0.023642
     0.898351    0.027677
     0.882485    0.031668
     0.866656    0.035563
     0.850793    0.039380
     0.834911    0.043116
     0.819011    0.046769
     0.803092    0.050341
     0.787156    0.053831
     0.771202    0.057238
     0.755230    0.060563
     0.739243    0.063805
     0.723239    0.066964
     0.707219    0.070040
     0.691185    0.073031
     0.675136    0.075938
     0.659073    0.078760
     0.642997    0.081496
     0.626907    0.084147
     0.610805    0.086710
     0.594691    0.089185
     0.578566    0.091572
     0.562429    0.093869
     0.546282    0.096076
     0.530125    0.098191
     0.513959    0.100214
     0.497784    0.102143
     0.481601    0.103978
     0.465410    0.105716
     0.449213    0.107356
     0.433010    0.108896
     0.416801    0.110336
     0.400588    0.111673
     0.384372    0.112905
     0.368152    0.114031
     0.351931    0.115047
     0.335710    0.115953
     0.319489    0.116744
     0.303270    0.117418
     0.287056    0.117973
     0.270847    0.118404
     0.254638    0.118709
     0.238469    0.118881
     0.222245    0.118917
     0.206107    0.118819
     0.190153    0.118544
     0.173864    0.118202
     0.159390    0.117583
     0.146539    0.116169
     0.134078    0.113819
     0.121772    0.110468
     0.109734    0.106191
     0.097638    0.100871
     0.085769    0.094601
     0.074679    0.087772
     0.063666    0.080044
     0.050939    0.069738
     0.041775    0.061272
     0.036354    0.055912
     0.029350    0.048695
     0.023353    0.042115
     0.021273    0.039650
     0.018100    0.035644
     0.014868    0.031228
     0.009162    0.022607
     0.006928    0.018923
     0.004960    0.015482
     0.004120    0.013939
     0.003381    0.012531
     0.002837    0.011459
     0.002369    0.010506
     0.001624    0.008909
     0.001287    0.008145
     0.000650    0.006590
     0.000281    0.005586
    -0.000450    0.002925
    -0.000113    0.000111
     0.002487   -0.000229
     0.005001    0.000640
     0.005900    0.001047
     0.007449    0.001823
     0.008584    0.002438
     0.009974    0.003232
     0.011135    0.003925
     0.011820    0.004344
     0.013529    0.005418
     0.014948    0.006337
     0.017796    0.008239
     0.019599    0.009476
     0.029008    0.016157
     0.033480    0.019385
     0.037356    0.022185
     0.040820    0.024676
     0.048432    0.030036
     0.055830    0.035026
     0.064077    0.040316
     0.077652    0.048326
     0.090245    0.054848
     0.102122    0.060142
     0.114348    0.064655
     0.126495    0.068145
     0.138434    0.070568
     0.150454    0.071916
     0.163219    0.072232
     0.177639    0.071710
     0.193563    0.071123
     0.209828    0.070599
     0.226243    0.070044
     0.242701    0.069498
     0.259171    0.068941
     0.275632    0.068373
     0.292077    0.067789
     0.308514    0.067184
     0.324941    0.066556
     0.341360    0.065900
     0.357771    0.065214
     0.374174    0.064495
     0.390570    0.063740
     0.406959    0.062949
     0.423342    0.062118
     0.439718    0.061246
     0.456088    0.060330
     0.472452    0.059371
     0.488810    0.058366
     0.505163    0.057314
     0.521509    0.056214
     0.537850    0.055064
     0.554184    0.053864
     0.570514    0.052614
     0.586837    0.051311
     0.603155    0.049957
     0.619466    0.048549
     0.635772    0.047087
     0.652072    0.045572
     0.668365    0.044002
     0.684653    0.042378
     0.700935    0.040699
     0.717211    0.038964
     0.733480    0.037175
     0.749743    0.035330
     0.766000    0.033431
     0.782250    0.031476
     0.798495    0.029466
     0.814733    0.027401
     0.830963    0.025281
     0.847188    0.023108
     0.863408    0.020880
     0.879606    0.018601
     0.895857    0.016260
     0.911948    0.013889
     0.927950    0.011479
     0.943566    0.009077
     0.957470    0.006899
     0.969850    0.004927
     0.980581    0.003193
     0.986843    0.002171
     0.990071    0.001642
     0.992687    0.001211
     0.996099    0.000647
     1.000000    0.000000
