2D: iter4
1.0,-6.056606068701667e-18
0.9805567898359021,0.011910720468035204
0.9610445714341042,0.023164668190689523
0.9414626957164028,0.03376070455986388
0.9218105422460235,0.043697407420101725
0.9020875629192939,0.05297306358049421
0.8822933289624877,0.06158566637801867
0.8624275803590451,0.06953291917020708
0.8424902765664252,0.07681224551714391
0.8224816471315473,0.0834208066217064
0.8024022406029404,0.08935552633139272
0.7822529699920123,0.09461312367103496
0.7620351529801902,0.09919015248762145
0.7417505451238718,0.10308304736944564
0.7214013644883677,0.10628817458250585
0.7009903064477305,0.10880188638320767
0.6805205478091226,0.11062057675495009
0.6599988710168527,0.11174075138040165
0.6398462101645963,0.11241352107802191
0.6196807633284264,0.11288387762149388
0.5995032935247476,0.11315067794691633
0.5793146086856468,0.11321263454127295
0.5591155682219495,0.11306830936369242
0.5389070899569425,0.11271610676177252
0.5186901575061355,0.11215426515324188
0.4984658281985173,0.11138084718517652
0.4782352416607728,0.1103937280073601
0.4579996292199656,0.10919058119685493
0.43776032432518597,0.10776886173847544
0.4175187742488432,0.10612578528772192
0.3972765534097614,0.10425830270001805
0.3770353787720659,0.10216306847487235
0.35679712792960055,0.09983640129371804
0.33656386070608213,0.097274234160882
0.31633784541884524,0.09447205068666115
0.2961215914207963,0.09142480261641744
0.27591789023620306,0.08812680154063776
0.25572986868485803,0.08457157436146207
0.2355610590961694,0.08075166674204787
0.21541549450170255,0.0766583699756799
0.1952978414121927,0.07228133173733532
0.17521359111262003,0.06760798457431677
0.15516934585459546,0.0626226763182206
0.13517326672204819,0.05730528818676901
0.11523581426144915,0.051628916694377164
0.09537106200964533,0.04555570627324725
0.07559925183499511,0.03902863423327753
0.055952452673990544,0.031953077567699835
0.03648984107337115,0.02414635933926585
0.017356866020055085,0.01513951322763931
0.0,0.0
0.022643133979944916,-0.0038014501511156413
0.04351015892662885,-0.0018190136634101042
0.06404754732600945,0.001014770230296393
0.0844007481650049,0.0042309352096675905
0.10462893799035468,0.007646804337455168
0.12476418573855085,0.01116775460689097
0.14482673327795184,0.014736763327873239
0.16483065414540454,0.018315974932604156
0.18478640888737996,0.02187848593549893
0.20470215858780733,0.025404177554279702
0.22458450549829745,0.02887739762054288
0.2444389409038306,0.032285578681591064
0.264270131315142,0.035618368412401416
0.284082109763797,0.038867058106258706
0.3038784085792037,0.04202419342632038
0.32366215458115477,0.045083301274726456
0.3434361392939179,0.04803869324196379
0.3632028720703994,0.050885321073394364
0.3829646212279341,0.053618668379315046
0.4027234465902386,0.056234668164052745
0.42248122575115676,0.05872963910904071
0.44223967567481404,0.06110023571378742
0.4620003707800344,0.06334340883371656
0.48176475833922716,0.06545637412432843
0.5015341718014827,0.06743658657043744
0.5213098424938646,0.06928171974910595
0.5410929100430576,0.07098964881011757
0.5608844317780506,0.07255843640054835
0.5806853913143531,0.0739863209381269
0.6004967064752523,0.075271706770451
0.6203192366715736,0.07641315585664935
0.6401537898354037,0.07740938068370559
0.6600011289831473,0.07825923818771857
0.6794794521908775,0.07873152472089844
0.6990096935522694,0.07858627979279614
0.7185986355116323,0.07781998015466714
0.7382494548761281,0.07642901978991042
0.7579648470198098,0.07440975095493155
0.7777470300079877,0.07175853991572888
0.7975977593970597,0.06847182126059585
0.8175183528684526,0.06454614883652085
0.8375097234335748,0.059978241668335874
0.8575724196409549,0.05476502360353909
0.8777066710375123,0.04890365584500779
0.8979124370807061,0.04239156195282644
0.9181894577539765,0.035226445284526994
0.938537304283597,0.027406299177086892
0.9589554285658958,0.018929410439597106
0.9794432101640979,0.009794356916601164
1.0,6.056606068701667e-18
