     1.000000   -0.000000
     0.994565    0.001353
     0.987960    0.002985
     0.979944    0.004949
     0.966428    0.008219
     0.951580    0.011750
     0.936592    0.015252
     0.921066    0.018813
     0.905533    0.022309
     0.889946    0.025749
     0.874357    0.029124
     0.858752    0.032435
     0.843130    0.035685
     0.827498    0.038870
     0.811853    0.041993
     0.796194    0.045053
     0.780524    0.048049
     0.764842    0.050983
     0.749148    0.053853
     0.733444    0.056660
     0.717728    0.059403
     0.702002    0.062082
     0.686265    0.064696
     0.670519    0.067246
     0.654763    0.069731
     0.638997    0.072150
     0.623223    0.074503
     0.607439    0.076789
     0.591647    0.079008
     0.575847    0.081158
     0.560039    0.083239
     0.544223    0.085250
     0.528400    0.087190
     0.512570    0.089059
     0.496733    0.090854
     0.480890    0.092575
     0.465041    0.094220
     0.449187    0.095789
     0.433328    0.097279
     0.417464    0.098689
     0.401596    0.100017
     0.385724    0.101261
     0.369849    0.102420
     0.353972    0.103491
     0.338093    0.104471
     0.322213    0.105359
     0.306334    0.106152
     0.290455    0.106845
     0.274578    0.107436
     0.258704    0.107922
     0.242836    0.108297
     0.226975    0.108558
     0.211122    0.108698
     0.195283    0.108712
     0.179453    0.108592
     0.163654    0.108330
     0.147871    0.107914
     0.132092    0.107339
     0.116504    0.106575
     0.100705    0.105609
     0.085128    0.104488
     0.071236    0.102749
     0.059447    0.099746
     0.050273    0.095411
     0.043393    0.090457
     0.037756    0.085280
     0.032435    0.079512
     0.026030    0.071548
     0.021889    0.065624
     0.019486    0.061750
     0.016728    0.056788
     0.015069    0.053501
     0.012366    0.047614
     0.008751    0.038691
     0.006149    0.031525
     0.005638    0.030041
     0.004642    0.027055
     0.003841    0.024558
     0.003136    0.022276
     0.002258    0.019300
     0.002001    0.018394
     0.001483    0.016507
     0.000720    0.013537
     0.000407    0.012222
    -0.000344    0.008652
    -0.000984    0.003554
    -0.000303    0.000194
     0.002279    0.000753
     0.005735    0.003955
     0.008253    0.006814
     0.009107    0.007838
     0.010747    0.009863
     0.011564    0.010895
     0.013009    0.012749
     0.014906    0.015227
     0.015501    0.016012
     0.016641    0.017525
     0.017714    0.018958
     0.020252    0.022364
     0.021478    0.024015
     0.023564    0.026817
     0.029289    0.034372
     0.034798    0.041186
     0.038232    0.045096
     0.041853    0.048902
     0.049395    0.055867
     0.055381    0.060621
     0.061844    0.064461
     0.067431    0.066253
     0.076691    0.066352
     0.091204    0.064990
     0.106164    0.063827
     0.121683    0.062690
     0.137582    0.061638
     0.153408    0.060671
     0.169298    0.059763
     0.185214    0.058906
     0.201152    0.058089
     0.217110    0.057304
     0.233086    0.056543
     0.249075    0.055802
     0.265079    0.055073
     0.281093    0.054353
     0.297117    0.053637
     0.313144    0.052922
     0.329165    0.052205
     0.345181    0.051482
     0.361193    0.050752
     0.377200    0.050010
     0.393202    0.049256
     0.409201    0.048486
     0.425195    0.047700
     0.441186    0.046894
     0.457173    0.046068
     0.473156    0.045220
     0.489136    0.044349
     0.505113    0.043452
     0.521086    0.042530
     0.537056    0.041581
     0.553023    0.040603
     0.568986    0.039597
     0.584946    0.038561
     0.600903    0.037495
     0.616858    0.036398
     0.632808    0.035269
     0.648756    0.034107
     0.664700    0.032913
     0.680642    0.031687
     0.696580    0.030426
     0.712515    0.029133
     0.728447    0.027805
     0.744376    0.026443
     0.760301    0.025048
     0.776224    0.023618
     0.792143    0.022155
     0.808060    0.020657
     0.823974    0.019126
     0.839883    0.017561
     0.855793    0.015963
     0.871696    0.014332
     0.887593    0.012668
     0.903501    0.010971
     0.919364    0.009246
     0.935157    0.007497
     0.950514    0.005767
     0.965667    0.004032
     0.979454    0.002430
     0.987685    0.001462
     0.994439    0.000662
     1.000000    0.000000
