2D: iter12
1.0,-2.5310180001545172e-17
0.9903434975127016,0.0037700161301775607
0.9806741015028181,0.007493295186826444
0.9709920521357148,0.011170361040470624
0.9612975817533168,0.014801713332135095
0.951590915092809,0.018387827319685544
0.9418722695066369,0.02192915372049839
0.9321418551838202,0.02542611855019105
0.9223998753725917,0.028879122957122454
0.9126465266043798,0.03228854305235347
0.9028819989191478,0.03565472973473316
0.8931064760921116,0.03897800851075152
0.883320135861857,0.04225867930877233
0.873523150159878,0.04549701628723199
0.8637156853415641,0.04869326763635411
0.853897902418663,0.05184765537290014
0.8440699572932521,0.05496037512743353
0.8342320009932515,0.058031595923537745
0.8243841799095175,0.06106145994838035
0.8145266360345588,0.06405008231396801
0.8046595072029183,0.06699755080838385
0.7947829273332764,0.06990392563623776
0.7848970266723243,0.07276923914750005
0.7750019320404727,0.07559349555381326
0.7650977670794606,0.07837667063130395
0.7551846525019363,0.08111871140882987
0.7452627063430917,0.08381953584050279
0.7353320442144357,0.08647903246122798
0.7253927795598055,0.08909706002388335
0.7154450239137172,0.09167344711664041
0.7054888871621741,0.09420799175878648
0.6955244778060586,0.09670046097325638
0.6855519032272469,0.09915059033391123
0.6755712699575984,0.10155808348541204
0.6655826839509912,0.103922611633325
0.6555862508585845,0.10624381300186336
0.6455820763075156,0.10852129225640503
0.6355702661832539,0.11075461988763727
0.6255509269158602,0.11294333155384889
0.6155241657704266,0.11508692737752477
0.6054900911419965,0.11718487119198547
0.5954488128553029,0.11923658973334952
0.5854004424696937,0.12124147177257301
0.5753450935896569,0.12319886718172983
0.5652828821814032,0.12510808592802536
0.5552139268960133,0.12696839698827778
0.5451383493997203,0.12877902717573636
0.5350562747119569,0.1305391598701217
0.5249678315518779,0.1322479336406488
0.5148731526941492,0.13390444075050495
0.5047723753348944,0.13550772552977902
0.4946656414687995,0.13705678260213336
0.4845530982785031,0.13855055494855167
0.47443489853754645,0.1399879317892212
0.4643112010283248,0.14136774626197302
0.4541821709766761,0.14268877287263593
0.44404798050497024,0.14394972468907655
0.43390880910581997,0.14514925024649966
0.4237648441388451,0.14628593012664948
0.41361628135327677,0.14735827316772998
0.40346332543961044,0.14836471225496878
0.39330619061401295,0.14930359963355314
0.3831451012397773,0.15017320167588288
0.3729802924908188,0.15097169302335617
0.3628120110630432,0.15169715000878015
0.3526405159404208,0.15234754324840571
0.3424660792238129,0.15292072927180572
0.3322889870320674,0.15341444103240526
0.3221095404866907,0.1538262771102473
0.31192805679360264,0.15415368937995613
0.30174487043819304,0.15439396886881762
0.2915603345132701,0.15454422946972257
0.2813748222037034,0.15460138909782647
0.2711887284568772,0.15456214778335192
0.2610024718748162,0.1544229620694519
0.2508164968724834,0.15418001492452066
0.24063127615791838,0.1538291801703796
0.23044731360445456,0.15336598015402536
0.22026514760447252,0.1527855350264638
0.2100853550197755,0.152082501502167
0.1986282086928816,0.15120270837875882
0.1860345089158609,0.14987254249353543
0.17351693972176982,0.14804685669386194
0.16109348385615188,0.14572225038550113
0.14878250561167417,0.14289551012992213
0.13660276281346834,0.13956336750681492
0.12457347652571277,0.13572218381104242
0.1127144782493999,0.13136754179263346
0.10104646205471476,0.12649371311949437
0.08959138212271948,0.12109295079619484
0.07837305886916154,0.11515452223959474
0.06741809762627471,0.1086633388312016
0.056757300313020134,0.10159792572424647
0.04642790172598829,0.09392725337947676
0.03647728259533409,0.08560547793078964
0.02696955448268378,0.07656252818738478
0.01799834860487668,0.06668555547109639
0.00971507766152456,0.055777208320939374
0.002405095055848787,0.04344095550469501
-0.0032180721335784267,0.02862813598011588
0.0,0.0
0.023218072133578425,-0.01665244342934275
0.037594904944151214,-0.020087770000505434
0.05028492233847544,-0.021644729460690036
0.06200165139512332,-0.022371982852143976
0.07303044551731622,-0.022666061407085963
0.08352271740466591,-0.022724316586501134
0.09357209827401172,-0.022659597068555207
0.10324269968697987,-0.022541974044048604
0.11258190237372528,-0.022417291379084082
0.12162694113083847,-0.02231657861291425
0.13040861787728053,-0.02226131059230805
0.13895353794528523,-0.022266575935758003
0.1472855217506001,-0.022343107226404174
0.15542652347428726,-0.022498651459676895
0.16339723718653165,-0.022738936967669834
0.17121749438832584,-0.02306838100035421
0.17890651614384814,-0.02349062226286703
0.18648306027823017,-0.02400892917551837
0.1939654910841391,-0.024626515176839073
0.2013717913071184,-0.02534678086106633
0.2099146449802245,-0.02615043592048784
0.21973485239552748,-0.026892560988221084
0.22955268639554546,-0.027551969075528773
0.2393687238420816,-0.028134003467938845
0.24918350312751658,-0.02864354401444545
0.25899752812518384,-0.02908506836805197
0.26881127154312284,-0.029462702706936905
0.27862517779629664,-0.029780264062706147
0.28843966548672983,-0.030041295892206603
0.29825512956180694,-0.030249098165215718
0.30807194320639736,-0.030406752966578014
0.3178904595133093,-0.03051714640340264
0.32771101296793265,-0.03058298744840378
0.33753392077618716,-0.030606824226957152
0.34735948405957917,-0.03059105815901974
0.35718798893695675,-0.030537956291166443
0.36701970750918117,-0.030449662093824485
0.3768548987602227,-0.030328204950742912
0.3866938093859871,-0.030175508529114596
0.3965366745603896,-0.029993398187541348
0.4063837186467232,-0.029783607553623366
0.4162351558611549,-0.02954778438217341
0.42609119089418,-0.029287495787963823
0.43595201949502976,-0.029004232932790648
0.4458178290233239,-0.028699415234909674
0.45568879897167525,-0.028374394159116093
0.4655651014624535,-0.02803045663754336
0.47544690172149684,-0.027668828164362586
0.4853343585312005,-0.027290675601742732
0.4952276246651056,-0.026897109729496577
0.5051268473058508,-0.026489187566640385
0.5150321684481222,-0.026067914489511797
0.5249437252880431,-0.025634246168022
0.5348616506002798,-0.02518909033898363
0.5447860731039867,-0.02473330843318177
0.5547171178185969,-0.024267717070895742
0.564654906410343,-0.0237930894388763
0.5745995575303062,-0.023310156560305315
0.584551187144697,-0.022819608467977336
0.5945099088580035,-0.022322095289818503
0.6044758342295734,-0.02181822825487271
0.6144490730841398,-0.021308580627021484
0.6244297338167462,-0.02079368857294419
0.6344179236924844,-0.02027405197015602
0.6444137491414156,-0.019750135160368082
0.6544173160490089,-0.01922236765289318
0.6644287300424017,-0.018691144782353356
0.6744480967727532,-0.01815682832453544
0.6844755221939413,-0.017619747073873107
0.6945111128378259,-0.0170801973857055
0.7045549760862827,-0.01653844368617141
0.7146072204401944,-0.015994718952336007
0.7246679557855643,-0.015449225164912032
0.7347372936569083,-0.014902133735727949
0.7448153474980637,-0.014353585911905817
0.7549022329205394,-0.013803693158540409
0.7649980679595273,-0.01325253752151993
0.7751029733276757,-0.01270017197198662
0.7852170726667237,-0.012146620733813961
0.7953404927970817,-0.011591879595359365
0.8054733639654413,-0.01103591620665256
0.8156158200904824,-0.010478670363083607
0.8257679990067485,-0.009920054276569439
0.8359300427067479,-0.009359952835103356
0.8461020975813369,-0.008798223851517836
0.8562843146584359,-0.008234698302229351
0.866476849840122,-0.007669180556674496
0.876679864138143,-0.007101448598091788
0.8868935239078884,-0.006531254236257656
0.8971180010808523,-0.005958323312735665
0.9073534733956202,-0.005382355899162059
0.9176001246274084,-0.004803026489046829
0.9278581448161799,-0.004219984183540915
0.938127730493363,-0.003632852871583417
0.9484090849071909,-0.0030412314048154704
0.9587024182466831,-0.0024446937676196254
0.9690079478642851,-0.0018427892426194628
0.9793258984971819,-0.0012350425719492987
0.9896565024872984,-0.0006209541145841355
1.0,2.5310180001545172e-17
