2D: iter6
1.0,-3.005434646804156e-17
0.990745382891546,0.005488087175655697
0.9814599477082725,0.010904489190365137
0.972144184583701,0.01624966175890798
0.962798568479825,0.021524034537894067
0.9534235596789015,0.026728010807436378
0.9440196042832701,0.03186196715118487
0.9345871347232056,0.03692625313454405
0.9251265702728072,0.04192119098087345
0.9156383175739325,0.046847075245444667
0.9061227711681816,0.051704172486900686
0.8965803140369403,0.05649272093593061
0.887011318149493,0.061212930160841256
0.8774161450192196,0.06586498072967134
0.8677951462678923,0.07044902386845042
0.8581486641980944,0.07496518111516737
0.8484770323737881,0.07941354396896075
0.8387805762090635,0.08379417353399699
0.8290596135651096,0.08810710015744244
0.8193144553554559,0.0923523230608774
0.8095454061595422,0.09652980996443289
0.799752764844687,0.10063949670285666
0.7899368251965372,0.10468128683263937
0.7800978765580936,0.10865505122924002
0.7702362044774287,0.11256062767335731
0.7603520913642257,0.11639782042508962
0.7504458171552931,0.12016639978470706
0.7405176599892312,0.12386610163863837
0.7305678968904514,0.12749662698912995
0.7205968044627831,0.1310576414658864
0.7106046595929327,0.13454877481782684
0.7005917401640988,0.13796962038290816
0.6905583257800858,0.14131973453375507
0.6805046985003115,0.14459863609660875
0.6704311435861513,0.1478058057408474
0.6603379502591203,0.1509406853360501
0.6502254124714659,0.1540026772732543
0.6400938296898097,0.1569911437467063
0.6299435076925686,0.15990540599200515
0.6197747593819707,0.16274474347609713
0.6095879056115905,0.16550839303408094
0.5993832760304466,0.16819554794722
0.5891612099448328,0.1708053569559308
0.5789220571992091,0.1733369232008002
0.5686661790776454,0.17578930308387855
0.5583939492275015,0.1781615050415815
0.5481057546072481,0.18045248821949372
0.5378019964605752,0.18266116103818236
0.5274830913192213,0.184786379637778
0.5171494720372719,0.18682694618753143
0.5068015888600471,0.18878160704478159
0.4964399105311161,0.19064905074572333
0.4860649254414596,0.19242790580801045
0.4756771428253593,0.19411673832249918
0.4652770940082332,0.1957140493082759
0.45486533371238574,0.19721827180142665
0.44444244142750206,0.19862776764370807
0.43400902285372933,0.1999408239322396
0.4235657114263666,0.20115564908541397
0.41311316993257274,0.20227036847323565
0.402652092232135,0.20328301955202174
0.3921832050962725,0.2041915464335598
0.3817072701807463,0.20499379380707267
0.3712250861522818,0.20568750011825784
0.3607374909905928,0.20627028989270618
0.3502453644922419,0.20673966507048125
0.3390979132341588,0.20707498622199255
0.3273029133775258,0.2071671827601359
0.3155040092228515,0.20699584942625573
0.3037063451270855,0.20655798141124737
0.291915257645202,0.20585056859315853
0.2801362771058717,0.20487058242594416
0.26837513079594516,0.2036149594241463
0.25663774819583235,0.20208058072744436
0.24493026878944668,0.2002642471133695
0.23325905307624487,0.19816264867343186
0.22163069754719517,0.19577232816445234
0.21005205456260978,0.19308963677489427
0.1985302583037538,0.19011068067976938
0.18707275828496953,0.18683125626038916
0.17568736234210144,0.18324677118306898
0.16438229160550172,0.17935214758413578
0.15316625079577137,0.17514170227688391
0.14204851836080173,0.1706089969942996
0.13103906268053744,0.16574664891849336
0.1201486930841837,0.1605460876561159
0.10938925821782113,0.15499723862717846
0.09877391015293718,0.1490881032337572
0.08831746190585646,0.14280419087194068
0.0780368812169834,0.13612773267953943
0.06795198917639772,0.1290365639862766
0.05808647778932083,0.12150248608474193
0.04846944511061722,0.11348877524759246
0.03913781319450885,0.10494622391813735
0.030140347173976106,0.0958064954864397
0.021544813203253906,0.08597016422411066
0.013451953738200913,0.07528310388274344
0.006026535975214482,0.06348341554017582
-0.00041854743718930387,0.050055880388627905
-0.005095618427584868,0.033658839147758426
0.0,0.0
0.02509561842758487,-0.022805296567186793
0.040418547437189305,-0.028667977095402742
0.05397346402478552,-0.031880333402215244
0.06654804626179908,-0.033784024767965534
0.0784551867967461,-0.03489427000043353
0.08985965282602389,-0.035472968021781445
0.10086218680549117,-0.035674245080416084
0.1115305548893828,-0.035597526904726264
0.12191352221067916,-0.035311150104648935
0.1320480108236023,-0.03486432223687489
0.1419631187830166,-0.034293767028747105
0.15168253809414353,-0.03362768318767585
0.16122608984706283,-0.032888235383938
0.1706107417821789,-0.03209319247972294
0.17985130691581627,-0.03125704507894221
0.18896093731946256,-0.03039179177951956
0.1979514816391983,-0.02950750716144382
0.20683374920422862,-0.02861276161806421
0.2156177083944983,-0.027714937967270287
0.22431263765789858,-0.026820474476075842
0.23292724171503046,-0.025935054331186397
0.24146974169624622,-0.02506375539627516
0.24994794543739024,-0.024211170005026664
0.2583693024528048,-0.023381501776129465
0.26674094692375516,-0.02257864453457184
0.27506973121055334,-0.021806247091890385
0.2833622518041677,-0.021067766691264284
0.2916248692040549,-0.02036651324118338
0.29986372289412827,-0.019705685964116454
0.308084742354798,-0.019088403720384173
0.3162936548729145,-0.018517729995444474
0.3244959907771485,-0.017996693335342345
0.3326970866224742,-0.017528303862030206
0.3409020867658413,-0.017115566384612604
0.34975463550775804,-0.01675055033342354
0.35926250900940715,-0.01636938240838319
0.3687749138477182,-0.01596338433056818
0.3782927298192537,-0.015535054159915074
0.3878167949037275,-0.015086767370832962
0.39734790776786505,-0.014620785517624413
0.4068868300674272,-0.014139263911066485
0.41643428857363335,-0.01364425843937167
0.42599097714627066,-0.01313773164622288
0.43555755857249795,-0.012621558161615642
0.4451346662876143,-0.01209752956715722
0.45472290599176685,-0.011567358765728161
0.46432285717464067,-0.011032683915571884
0.47393507455854034,-0.010495071980602219
0.4835600894688839,-0.009956021941732951
0.4931984111399529,-0.009416967708107696
0.5028505279627281,-0.008879280762072742
0.5125169086807787,-0.008344272567433267
0.5221980035394248,-0.007813196766850272
0.531894245392752,-0.007287251191072944
0.5416060507724986,-0.0067675796999707855
0.5513338209223547,-0.0062552738729765855
0.5610779428007908,-0.005751374564505668
0.5708387900551671,-0.005256873338142426
0.5806167239695533,-0.004772713791836469
0.5904120943884095,-0.004299792785000964
0.6002252406180293,-0.0038389615772194546
0.6100564923074314,-0.0033910268872283933
0.6199061703101904,-0.002956751879929234
0.6297745875285341,-0.0025368570883756436
0.6396620497408797,-0.0021320212769685015
0.6495688564138488,-0.0017428822514615888
0.6594953014996886,-0.0013700376208174436
0.6694416742199143,-0.001014045515456946
0.6794082598359011,-0.0006754252660019222
0.6893953404070672,-0.0003546580462112231
0.6994031955372169,-5.218748346004498e-05
0.7094321031095485,0.00023157976020833637
0.7194823400107687,0.0004962734337132166
0.7295541828447069,0.0007415591667591093
0.7396479086357743,0.0009671379615924305
0.7497637955225713,0.0011727457046419032
0.7599021234419064,0.0013581526961776447
0.7700631748034629,0.0015231631962980552
0.780247235155313,0.0016676149857018235
0.7904545938404579,0.0017913789398479388
0.8006855446445442,0.0018943586152270764
0.8109403864348903,0.0019764898465870276
0.8212194237909364,0.002037740354058702
0.8315229676262118,0.0020781093592224867
0.8418513358019055,0.002097627209244675
0.8522048537321076,0.002096355008291771
0.8625838549807804,0.002074384255502243
0.872988681850507,0.002031836488865072
0.8834196859630598,0.001968862934409711
0.8938772288318184,0.0018856441601749485
0.9043616824260675,0.001782389734467555
0.9148734297271929,0.0016593378879766855
0.9254128652767944,0.001516755179345259
0.9359803957167298,0.0013549361638449924
0.9465764403210984,0.0011742030648352712
0.9572014315201749,0.000974905447720659
0.967855815416299,0.0007574198961511208
0.9785400522917275,0.0005221496902396349
0.989254617108454,0.00026952448659604226
1.0,3.005434646804156e-17
