2D: iter15
1.0,-2.137978156318085e-17
0.9903495952297056,0.0037505513236574797
0.9806869227823651,0.00745693244164246
0.9710122086878011,0.011119576333469907
0.961325671502311,0.014738895721602486
0.9516275225048859,0.01831528293056865
0.9419179658947427,0.021849109743061305
0.9321971989901745,0.025340727252791333
0.9224654124287283,0.028790465713853138
0.91272279036872,0.03219863438634239
0.9029695106920937,0.035565521377945726
0.8932057452086402,0.03889139348120059
0.8834316598615842,0.042176496006100794
0.8736474149345588,0.04542105260769938
0.8638531652599789,0.048625265108329645
0.8540490604288364,0.051789313314040644
0.8442352450019338,0.05491335482480621
0.8344118587225805,0.057997524838035996
0.8245790367307779,0.06104193594487479
0.8147369097789184,0.06404667791873761
0.8048856044490317,0.06701181749548132
0.7950252433716111,0.06993739814456248
0.7851559454460588,0.07282343983047976
0.7752778260627892,0.07566993876373516
0.7653909973270391,0.07847686714048577
0.7554955682844341,0.08124417286998467
0.7455916451483654,0.08397177928882889
0.7356793315292414,0.08665958486094708
0.7257587286656784,0.08930746286216051
0.715829935657708,0.09191526104804698
0.70589304970208,0.0944828013037165
0.695948166329753,0.09700987927397955
0.685995379645671,0.09949626397224252
0.6760347825709363,0.10194169736630429
0.6660664670874975,0.1043458939390488
0.6560905244854879,0.1067085402218306
0.6461070456133575,0.10902929429812498
0.6361161211309643,0.11130778527476957
0.6261178417657993,0.1135436127178429
0.6161122985725461,0.11573634604991455
0.6060995831961913,0.11788552390505183
0.5960797881389274,0.11999065343757155
0.5860530070311187,0.12205120958008206
0.5760193349066236,0.12406663424585761
0.5659788684828073,0.12603633547001686
0.5559317064456099,0.12795968648333347
0.5458779497400807,0.12983602471177072
0.5358177018668355,0.13166465069399666
0.5257510691849455,0.1334448269081793
0.5156781612218315,0.13517577649826795
0.5055990909908021,0.1368566818887108
0.4955139753169559,0.1384866832751117
0.48542293517225704,0.14006487697666303
0.4753260960206988,0.14159031363425986
0.46522358817458564,0.14306199623596075
0.4551155471631046,0.1444788779488531
0.4450021141145144,0.14583985973333596
0.43488343615346514,0.14714378771226597
0.42475966681517563,0.14838945026321815
0.4146309664784463,0.1495755747971663
0.4044975028197803,0.15070082418102904
0.39435945129122985,0.15176379275456175
0.38421699562499445,0.15276300188376157
0.3740703283682826,0.15369689498298417
0.3639196514525258,0.15456383192596806
0.35376517680172737,0.1553620827514383
0.3436071269855582,0.15608982055129988
0.33344573592382193,0.15674511340783925
0.32328124965013444,0.15732591521981504
0.313113927144159,0.15783005522450005
0.3029440412435835,0.1582552259819091
0.29277187964930484,0.15859896953631109
0.2825977460401319,0.15885866140563157
0.272421961316891,0.15903149196740785
0.2622448650003421,0.15911444470500152
0.2520668168130861,0.15910427064220561
0.24188819848308316,0.1589974581176608
0.2317094158160714,0.15879019681787304
0.22153090109688778,0.1584783346781649
0.21135311589657854,0.1580573258445082
0.2011765543849095,0.1575221673219641
0.19100174727885302,0.15686732115231872
0.18082926660046145,0.15608661786627898
0.17065973147772034,0.15517313539340666
0.16049381530804133,0.15411904534903886
0.15033225472953976,0.152915415271575
0.14017586103220606,0.1515519503294725
0.13002553492647856,0.15001665019387195
0.11458058906902245,0.1477329412833272
0.09851735993778989,0.1436740181539723
0.08319745704737917,0.1379261199041552
0.06877093956347113,0.13063312914712585
0.05532744859819514,0.12194356461345976
0.04290764919750394,0.1119871649446772
0.031523593723657345,0.10085912178088771
0.02118368763484415,0.08861058154396362
0.011922662425536763,0.07523999000672305
0.0038469460739336166,0.06067421424919153
-0.002763101166885412,0.04470814456245968
-0.0070760841057348495,0.026744920929950212
0.0,0.0
0.02707608410573485,-0.0018350372336830081
0.04276310116688541,0.0030906212942753836
0.056153053926066385,0.007992432232212021
0.06807733757446324,0.012273535563549674
0.07881631236515585,0.015728821579378917
0.08847640627634265,0.018285157359725253
0.09709235080249606,0.019940988677406846
0.10467255140180487,0.020747461954296054
0.11122906043652886,0.020799768830502358
0.11680254295262084,0.020227647947546064
0.12148264006221011,0.019179618036002648
0.12541941093097755,0.017799561709122086
0.12997446507352145,0.01620381703302355
0.13982413896779397,0.014639010915085668
0.14966774527046023,0.013202294081326504
0.15950618469195868,0.01188166620288672
0.16934026852227968,0.010666832448223668
0.17917073339953854,0.009548860355736821
0.18899825272114698,0.008519921540763212
0.19882344561509052,0.007573093932864636
0.20864688410342144,0.006702208062748002
0.21846909890311222,0.00590172597219947
0.2282905841839286,0.00516664466628021
0.23811180151691683,0.004492418290961989
0.24793318318691385,0.0038748947815674256
0.2577551349996579,0.0033102638246024774
0.26757803868310903,0.0027950137587077623
0.2774022539598682,0.002325895607676348
0.2872281203506951,0.0018998928548698002
0.2970559587564165,0.0015141958778254472
0.306886072855841,0.0011661801944688743
0.3167187503498656,0.000853387849068965
0.3265542640761781,0.0005735114016404558
0.3363928730144419,0.00032438008945626096
0.3462348231982726,0.00010394781127501251
0.35608034854747417,-8.971735061692743e-05
0.3659296716317174,-0.00025844230431457116
0.37578300437500556,-0.00040395701109281756
0.3856405487087702,-0.0005279015972131096
0.39550249718021974,-0.0006318326483197995
0.4053690335215537,-0.0007172287984158199
0.41524033318482434,-0.0007854957077457342
0.42511656384653485,-0.0008379705093909673
0.4349978858854856,-0.0008759257923776631
0.4448844528368954,-0.000900573179130823
0.4547764118254144,-0.0009130665467937948
0.46467390397930114,-0.0009145049349675305
0.4745770648277429,-0.0009059351765646623
0.4844860246830441,-0.0008883542835265851
0.4944009090091978,-0.0008627116149582947
0.5043218387781685,-0.0008299108516673231
0.5142489308150545,-0.0007908117980498786
0.5241822981331645,-0.000746232029657734
0.5341220502599193,-0.0006969484025416417
0.5440682935543902,-0.0006436984385335132
0.5540211315171928,-0.0005871815989653834
0.5639806650933763,-0.0005280604578738468
0.5739469929688812,-0.0004669617844853882
0.5839202118610726,-0.0004044775436812531
0.5939004168038087,-0.0003411658221872463
0.6038877014274538,-0.00027755168739497516
0.6138821582342007,-0.0002141279849876554
0.6238838788690357,-0.00015135608089797414
0.6338929543866425,-8.966655255635003e-05
0.6439094755145122,-2.945983388423501e-05
0.6539335329125026,2.8893181955987057e-05
0.6639652174290638,8.505057843961189e-05
0.6740046203543291,0.00013869888692116805
0.6840518336702469,0.00018955259028463622
0.6941069502979199,0.00023735365632885502
0.7041700643422919,0.000281871098460236
0.7142412713343216,0.000322900561489238
0.7243206684707586,0.0003602639305259059
0.7344083548516346,0.00039380896114803166
0.7445044317155659,0.0004234089291768259
0.7546090026729609,0.00044896229854102937
0.7647221739372109,0.00047039240583759967
0.7748440545539412,0.00048764716031968885
0.784974756628389,0.000500698758144312
0.7951143955509684,0.0005095434098135176
0.8052630902210817,0.0005142010798259433
0.815420963269222,0.0005147152376382205
0.8255881412774194,0.0005111526191071102
0.8357647549980661,0.000503602997647682
0.8459509395711635,0.0004921789644047325
0.8561468347400211,0.00047701571678789023
0.8663525850654412,0.00045827085477100765
0.8765683401384158,0.00043612418440312425
0.8867942547913599,0.0004107775280175578
0.8970304893079063,0.0003824545406673277
0.9072772096312801,0.0003514005323462556
0.9175345875712718,0.000317882295591803
0.9278028010098256,0.0002821879380905806
0.9380820341052571,0.00024462671993830294
0.948372477495114,0.00020552889522931078
0.958674328497689,0.00016524555767450343
0.9689877913121988,0.00012414848996680598
0.9793130772176348,8.263001663466173e-05
0.9896504047702944,4.1102860140737824e-05
1.0,2.137978156318085e-17
