2D: iter2
1.0,-3.2654188729750984e-17
0.9905190776634988,0.004679607987084427
0.9810158992925201,0.009297133340177573
0.9714908630303697,0.013853200410519156
0.9619443545971529,0.018348403354287803
0.952376747680158,0.022783305888838958
0.9427884043278351,0.027158441045435668
0.933179675347388,0.03147431091815455
0.9235509007059981,0.0357313864086235
0.9139024099357077,0.03993010696622107
0.9042345225419866,0.0440708803233367
0.8945475484160169,0.0481540822252577
0.8848417882507319,0.05218005615421442
0.8751175339606496,0.056149113047078064
0.8653750691055494,0.06006153100615941
0.8556146693180442,0.06391755500251808
0.8458366027351081,0.06771739657113646
0.8360411304336279,0.0714612334972641
0.8262285068700521,0.0751492094931761
0.8163989803242236,0.07878143386452768
0.8065527933474879,0.0823579811654176
0.7966901832151847,0.08587889084119482
0.7868113823836377,0.08934416685796392
0.7769166189517713,0.09275377731764858
0.7670061171275018,0.09610765405737592
0.7570800976990592,0.09940569223183493
0.7471387785114191,0.10264774987713748
0.7371823749480414,0.10583364745458346
0.7272111004181311,0.10896316737257822
0.7172251668496648,0.11203605348479534
0.7072247851884481,0.11505201056249278
0.6972101659035,0.11801070373869588
0.6871815194990909,0.12091175792174066
0.6771390570337952,0.12375475717542514
0.667082990646963,0.12653924406274605
0.6570135340930512,0.12926471894989755
0.6469309032843079,0.13193063926686754
0.6368353168423576,0.13453641872059557
0.6267269966592911,0.13708142645622984
0.6166061684689343,0.13956498616155028
0.6064730624290439,0.1419863751090943
0.5963279137152615,0.1443448231299206
0.5861709631277535,0.14663951151227675
0.5760024577115685,0.1488695718176703
0.5658226513918666,0.15103408460598414
0.5556318056253068,0.1531320780602961
0.5454301900690373,0.15516252650095308
0.5352180832689007,0.15712434877717918
0.5249957733686719,0.15901640652305254
0.5147635588423638,0.16083750226302607
0.504521749251903,0.16258637735026468
0.49427066603276315,0.16426170971888224
0.4840106433104929,0.16586211142863383
0.47374202875145627,0.16738612597769506
0.463465184451564,0.16883222535576628
0.45318048786728915,0.17019880680578933
0.4428883327938744,0.17148418925795025
0.4325891303963417,0.17268660939423808
0.42228331029974653,0.17380421729547438
0.41197132174609113,0.17483507161523215
0.40165363482645683,0.17577713421618568
0.39133074179827115,0.1766282641938764
0.3810031584992365,0.17738621120028136
0.3706714258713664,0.17804860796446487
0.3603361116108779,0.178612961889399
0.34999245777651977,0.17907664390804623
0.33881825301974505,0.1793960282879654
0.3276385082027323,0.17952831776216846
0.31645593372752884,0.1794703779086364
0.30527336895298857,0.17921894225909557
0.29409378945742914,0.17877059718503635
0.28292031534998324,0.1781217641904262
0.2717562208439549,0.17726867911717123
0.26060494535359086,0.17620736765420164
0.2494701064368975,0.17493361639334057
0.23835551498575616,0.17344293848407982
0.22726519316650776,0.17173053269006178
0.2162033957476344,0.16979123432150164
0.20517463562779364,0.16761945608022383
0.1941837146139399,0.16520911626462953
0.183235760819826,0.16255355097827934
0.17233627449560787,0.15964540587518372
0.16149118471334326,0.15647650141749128
0.15070692020319915,0.15303766340194344
0.1399904988898479,0.14931850729247903
0.12934964252363787,0.14530716013506068
0.11879292557429624,0.14098989663280503
0.10832997182599734,0.136350654808357
0.0979717188745432,0.13137037892125977
0.08773078177414526,0.12602610812140194
0.07762196579116043,0.12028967958639748
0.0676630112689818,0.11412582650882722
0.05787571493740494,0.10748928625776542
0.048287692763217344,0.1003202070030627
0.03893530510383063,0.09253644428295335
0.029868857739041736,0.0840197126963354
0.021162739654487055,0.07458828448046237
0.01293790800116262,0.06393571724509807
0.005422687553160702,0.05146309840503743
-0.0008115106507233134,0.03561969480796749
0.0,0.0
0.020811510650723314,-0.02880874389915275
0.0345773124468393,-0.038038578590276206
0.047062091998837374,-0.044095010527258595
0.05883726034551295,-0.04852877286241289
0.07013114226095826,-0.05193877818094417
0.08106469489616937,-0.05463146887308862
0.09171230723678267,-0.056788572701592696
0.10212428506259506,-0.05852837506755838
0.11233698873101819,-0.05993302043275142
0.12237803420883958,-0.06106236062732116
0.13226921822585475,-0.061961658282193334
0.1420282811254568,-0.06266618020478712
0.15167002817400266,-0.06320408921748857
0.16120707442570378,-0.06359834617040905
0.17065035747636212,-0.0638680068040054
0.1800095011101521,-0.06402913309563271
0.18929307979680088,-0.06409545034217431
0.19850881528665673,-0.06407883149766758
0.20766372550439213,-0.0639896610981737
0.216764239180174,-0.06383711334695125
0.22581628538606008,-0.06362936778185165
0.23482536437220636,-0.06337377874886434
0.24379660425236563,-0.06307701014442885
0.25273480683349225,-0.06274514367014387
0.26164448501424387,-0.062383766624185114
0.27052989356310253,-0.06199804369633724
0.2793950546464092,-0.06159277612295798
0.28824377915604515,-0.06117245075455544
0.2970796846500167,-0.06074128099930655
0.30590621054257083,-0.06030324116828112
0.31472663104701143,-0.05986209541957298
0.3235440662724712,-0.059421422249214664
0.3323614917972677,-0.058984635285715854
0.341181746980255,-0.05855500099735015
0.3500075422234802,-0.05813565380613663
0.35966388838912206,-0.05770023068363084
0.36932857412863357,-0.05722140009032766
0.3789968415007635,-0.05670178818455162
0.3886692582017289,-0.056143887563330566
0.3983463651735432,-0.05555006549760029
0.4080286782539088,-0.05492257233538363
0.41771668970025344,-0.05426354898113922
0.42741086960365826,-0.05357503357219279
0.4371116672061256,-0.05285896745497129
0.44681951213271087,-0.05211720054865319
0.45653481554843606,-0.05135149617124943
0.4662579712485437,-0.050563535392574
0.47598935668950704,-0.049754920969685035
0.48572933396723683,-0.048927180912882194
0.4954782507480971,-0.048081771723989856
0.5052364411576362,-0.04722008134325293
0.5150042266313282,-0.04634343183655763
0.5247819167310993,-0.04545308185073891
0.5345698099309628,-0.04455022886134398
0.5443681943746933,-0.04363601123429463
0.5541773486081335,-0.04271151012036675
0.5639975422884314,-0.04177775119921351
0.5738290368722464,-0.04083570628775702
0.5836720862847384,-0.03988629482611445
0.5935269375709561,-0.03893038525277815
0.6033938315310656,-0.03796879627950067
0.6132730033407089,-0.03700229807522322
0.6231646831576424,-0.03603161336740844
0.6330690967156921,-0.0350574184682764
0.6429864659069489,-0.03408034423267882
0.6529170093530371,-0.033100976953676274
0.6628609429662049,-0.032119859201280763
0.6728184805009092,-0.031137490609298164
0.6827898340964998,-0.03015432861473174
0.6927752148115518,-0.02917078915378351
0.7027748331503352,-0.028187247318117385
0.7127888995818689,-0.02720403797470808
0.7228176250519586,-0.026221456352297612
0.7328612214885809,-0.025239758597212412
0.7429199023009408,-0.02425916230104712
0.7529938828724982,-0.023279847002501845
0.7630833810482287,-0.022301954665464724
0.7731886176163624,-0.02132559013524677
0.7833098167848154,-0.02035082157472084
0.7934472066525122,-0.01937768088196329
0.8036010196757765,-0.018406164090869516
0.8137714931299478,-0.017436231756090537
0.823958869566372,-0.01646780932352767
0.8341633972648919,-0.015500787487525588
0.8443853306819558,-0.014535022535809305
0.8546249308944506,-0.013570336683129163
0.8648824660393504,-0.012606518394502862
0.8751582117492681,-0.011643322698870726
0.8854524515839831,-0.010680471493922011
0.8957654774580135,-0.00971765384278548
0.9060975900642924,-0.008754526263230821
0.916449099294002,-0.007790713009970682
0.9268203246526121,-0.0068258063506156635
0.9372115956721648,-0.005859366835787139
0.9476232523198419,-0.004890923563857315
0.958055645402847,-0.003919974440749528
0.9685091369696303,-0.0029459864352007273
0.9789841007074799,-0.001968395829855472
0.9894809223365012,-0.0009866084685351353
1.0,3.2654188729750984e-17
