2D: iter2
1.0,-8.542101302808298e-18
0.9805005765501622,0.008382209507723976
0.9609542114937835,0.01647802923858666
0.9413620898520468,0.024288007412331874
0.9217253321936713,0.03181257244911668
0.9020450014447797,0.039052029513996986
0.8823221099851695,0.04600655712139561
0.8625576270259845,0.05267620380135826
0.8427524862629291,0.05906088482666244
0.8229075937984742,0.06516037899651732
0.8030238363260707,0.07097432546859639
0.7831020895692418,0.07650222062636548
0.7631432269686839,0.08174341496298243
0.7431481286112092,0.08669710995628489
0.7231176903956693,0.09136235490135161
0.7030528334329891,0.095738043657564
0.6829545136802935,0.09982291125568456
0.6628237318130029,0.10361553029679149
0.6426615433439391,0.1071143070584201
0.6224690690052158,0.11031747720325917
0.6022475054173577,0.1132231009612992
0.5819981360811852,0.11582905762619414
0.5617223427421436,0.11813303916912984
0.5414216171947948,0.12013254272645245
0.521097573618244,0.12182486165766986
0.5007519615628783,0.12320707479402293
0.480386679747062,0.1242760333988364
0.46000379087229715,0.12502834523117212
0.4394555943174487,0.12540949539624047
0.41888837457972533,0.12536254248289505
0.39830751139355286,0.12488306438377939
0.377717280057652,0.12396637372290129
0.3571223207403104,0.12260747235254407
0.33652767219823954,0.12080099757189812
0.3159388134897064,0.11854115087986083
0.2953617167519044,0.11582160318669732
0.27480291541645885,0.11263536774583638
0.25426959423595674,0.10897462793221555
0.2337697106486391,0.10483050039638644
0.2133121621483389,0.10019270326429647
0.19290702301400425,0.09504908052388182
0.17256588906809864,0.08938490077310762
0.15230239750240132,0.0831817868786655
0.13213304456625263,0.07641601086205486
0.1120785417203373,0.06905562764858293
0.09216622345367612,0.06105531234768875
0.07243472988587239,0.052346164094321274
0.052944361270788755,0.042812784111355265
0.03380497337302566,0.03223041177096827
0.01528363894639138,0.02001739813646226
0.0,0.0
0.02471636105360862,-0.0038481634010318518
0.04619502662697434,-0.0006108847218421337
0.06705563872921123,0.003538092829731918
0.08756527011412761,0.008017120316992286
0.1078337765463239,0.012601437112116486
0.1279214582796627,0.017175644437979306
0.1478669554337474,0.02167084142952973
0.16769760249759869,0.026041703196206717
0.18743411093190135,0.03025628466331758
0.20709297698599577,0.034290857852361675
0.2266878378516611,0.03812704563003061
0.24623028935136088,0.041750116594289566
0.2657304057640433,0.04514791473307469
0.2851970845835412,0.04831015817233345
0.30463828324809555,0.051227963562617364
0.3240611865102936,0.05389351427886404
0.3434723278017605,0.056299823574502264
0.36287767925968956,0.058440562359797193
0.382282719942348,0.06030993213364613
0.4016924886064472,0.06190257019523951
0.42111162542027464,0.06321347839686065
0.4405444056825513,0.06423796936251736
0.4599962091277029,0.0649716302916757
0.47961332025293796,0.0654584484598489
0.4992480384371218,0.06574102551847577
0.518902426381756,0.06581596922661813
0.5385783828052053,0.06568013084760073
0.5582776572578565,0.06533058921266438
0.5780018639188147,0.0647646376813171
0.5977524945826422,0.0639797733899049
0.6175309309947842,0.06297368830961368
0.6373384566560609,0.061744261734097444
0.6571762681869971,0.060289553893346615
0.6770454863197066,0.05860780045004997
0.6969471665670108,0.056697407681742924
0.7168823096043306,0.05455694818950357
0.7368518713887908,0.05218515700409444
0.7568567730313162,0.04958092798489693
0.7768979104307583,0.04674331042698984
0.7969761636739294,0.04367150580821077
0.8170924062015257,0.04036486462171762
0.8372475137370708,0.03682288325097614
0.8574423729740155,0.03304520085365985
0.8776778900148305,0.029031596228977934
0.8979549985552203,0.02478198464970786
0.9182746678063288,0.02029641464589541
0.9386379101479531,0.015575064731963396
0.9590457885062165,0.01061824007296762
0.9794994234498378,0.0054263690890652165
1.0,8.542101302808298e-18
