     1.000000   -0.000000
     0.997443    0.000897
     0.993351    0.002326
     0.988895    0.003874
     0.984005    0.005562
     0.978590    0.007418
     0.972539    0.009477
     0.965711    0.011781
     0.957914    0.014386
     0.948872    0.017374
     0.938196    0.020857
     0.925337    0.024989
     0.909534    0.029973
     0.889784    0.036060
     0.865020    0.043476
     0.834657    0.052247
     0.799263    0.062038
     0.760402    0.072259
     0.719678    0.082382
     0.678163    0.092079
     0.636456    0.101172
     0.594895    0.109561
     0.553697    0.117178
     0.513035    0.123966
     0.473063    0.129874
     0.433930    0.134855
     0.395795    0.138868
     0.358824    0.141878
     0.323201    0.143864
     0.289131    0.144820
     0.256836    0.144762
     0.226546    0.143737
     0.198473    0.141825
     0.172781    0.139138
     0.149548    0.135810
     0.128736    0.131962
     0.110234    0.127777
     0.093982    0.123222
     0.079277    0.118543
     0.065940    0.114348
     0.054197    0.110304
     0.044051    0.106175
     0.035296    0.101951
     0.027629    0.097590
     0.020796    0.093015
     0.014607    0.088116
     0.008921    0.082738
     0.003715    0.076715
    -0.000873    0.070004
    -0.004607    0.062792
    -0.007329    0.055489
    -0.009083    0.048511
    -0.010080    0.042149
    -0.010541    0.036471
    -0.010619    0.031414
    -0.010416    0.026895
    -0.009996    0.022838
    -0.009400    0.019182
    -0.008658    0.015880
    -0.007789    0.012894
    -0.006807    0.010195
    -0.005720    0.007759
    -0.004535    0.005570
    -0.003255    0.003615
    -0.001880    0.001884
    -0.000412    0.000371
     0.001153   -0.000929
     0.002816   -0.002033
     0.004577   -0.002958
     0.006436   -0.003724
     0.008393   -0.004343
     0.010448   -0.004829
     0.012600   -0.005193
     0.014846   -0.005447
     0.017181   -0.005604
     0.019601   -0.005673
     0.022098   -0.005667
     0.024662   -0.005599
     0.027282   -0.005480
     0.029945   -0.005324
     0.032637   -0.005143
     0.035345   -0.004947
     0.038055   -0.004748
     0.040751   -0.004555
     0.043423   -0.004376
     0.046058   -0.004218
     0.048649   -0.004086
     0.051173   -0.003991
     0.053580   -0.003958
     0.055832   -0.004008
     0.057901   -0.004157
     0.059764   -0.004419
     0.061405   -0.004806
     0.062812   -0.005326
     0.063971   -0.005991
     0.064872   -0.006811
     0.065501   -0.007796
     0.065844   -0.008959
     0.065918   -0.010294
     0.065801   -0.011757
     0.065578   -0.013304
     0.065330   -0.014887
     0.065143   -0.016461
     0.065104   -0.017978
     0.065309   -0.019384
     0.065826   -0.020643
     0.066649   -0.021763
     0.067758   -0.022755
     0.069138   -0.023635
     0.070766   -0.024415
     0.072617   -0.025114
     0.074661   -0.025750
     0.076853   -0.026348
     0.079138   -0.026939
     0.081443   -0.027559
     0.083738   -0.028224
     0.086031   -0.028933
     0.088333   -0.029684
     0.090661   -0.030473
     0.093038   -0.031296
     0.095493   -0.032148
     0.098069   -0.033019
     0.100820   -0.033903
     0.103794   -0.034793
     0.107013   -0.035696
     0.110500   -0.036617
     0.114277   -0.037566
     0.118367   -0.038551
     0.122781   -0.039586
     0.127556   -0.040676
     0.132754   -0.041821
     0.138458   -0.043019
     0.144787   -0.044271
     0.151886   -0.045582
     0.159927   -0.046963
     0.169123   -0.048422
     0.179760   -0.049958
     0.192228   -0.051564
     0.207039   -0.053222
     0.224806   -0.054888
     0.246199   -0.056475
     0.271777   -0.057840
     0.301739   -0.058798
     0.335779   -0.059166
     0.373221   -0.058820
     0.413320   -0.057718
     0.455463   -0.055880
     0.499201   -0.053362
     0.544200   -0.050235
     0.590178   -0.046574
     0.636846   -0.042455
     0.683825   -0.037959
     0.730475   -0.033189
     0.775572   -0.028310
     0.817032   -0.023601
     0.852510   -0.019399
     0.880971   -0.015908
     0.903166   -0.013108
     0.920574   -0.010862
     0.934529   -0.009029
     0.945995   -0.007500
     0.955633   -0.006198
     0.963904   -0.005069
     0.971121   -0.004074
     0.977501   -0.003186
     0.983201   -0.002388
     0.988342   -0.001662
     0.993022   -0.000998
     0.997318   -0.000385
     1.000000    0.000000
