2D: iter4
1.0,-6.595929633316222e-18
0.9803596804037886,0.0075609166868301405
0.9606871605389468,0.014875560190724326
0.9409833343269457,0.021944491963477402
0.9212490445585044,0.028768181494192448
0.9014850873687443,0.03534700376167327
0.8816922168851145,0.04168123669103288
0.8618711500469436,0.04777105861124979
0.8420225715953062,0.05361654570844632
0.8221471392318337,0.059217669467318816
0.8022454889451779,0.0645742940903519
0.7823182405040906,0.06968617388111126
0.7623660031165508,0.07455295057392992
0.7423893812550998,0.07917415058755059
0.7223889806495986,0.08354918217459945
0.7023654144500683,0.08767733243193912
0.6823193095642069,0.0915577641287176
0.6622513131766979,0.09518951229896062
0.6421620994606984,0.09857148053341071
0.622052376496066,0.10170243689043404
0.6019228934142243,0.10458100932744936
0.5817744477963378,0.10720568053150359
0.561607893360107,0.10957478199901383
0.541424147981492,0.11168648717855445
0.5212242021117737,0.11353880344449829
0.5010091276684959,0.11512956261003895
0.4807800875023605,0.11645640961108081
0.4605383455728864,0.1175167888912991
0.4402852780062092,0.11830792788428972
0.42002238526250835,0.11882681680810547
0.3995192395552121,0.11897865157083813
0.37898333941183315,0.11863398842948075
0.3584399379533356,0.11778801691916077
0.33789376295644935,0.11643647949861033
0.31734993955235163,0.11457486055051723
0.29681402687737307,0.11219831920208877
0.276292067244386,0.109301597056431
0.2557906533100655,0.10587889116880875
0.23531702134478327,0.10192367768261798
0.21487918299389858,0.09742846342063775
0.19448611515355396,0.09238442884701634
0.17414804033809658,0.08678090108713488
0.15387685354444378,0.08060454942382791
0.1336867980593937,0.07383810385165572
0.11359559077310066,0.0664582013017307
0.09362642455072501,0.05843150611860864
0.0738118661972095,0.04970704611179374
0.05420247765206408,0.0401989746500278
0.034890034851484085,0.02973926226406073
0.016097081479373044,0.017891256224726988
0.0,0.0
0.023902918520626957,-0.00015794405518797065
0.04510996514851592,0.004858778292628967
0.06579752234793591,0.010395210511424252
0.0861881338027905,0.016014699872032308
0.106373575449275,0.021549216905203082
0.12640440922689933,0.026912914979678338
0.14631320194060632,0.0320548219049623
0.16612314645555623,0.03694160202561074
0.1858519596619034,0.04154989227273606
0.20551388484644606,0.04586242264089857
0.22512081700610143,0.049865862412932796
0.2446829786552167,0.05354953871421986
0.2642093466899345,0.05690463200890802
0.28370793275561407,0.05992364911977638
0.3031859731226269,0.06260006619022089
0.3226500604476484,0.06492808027550635
0.3421062370435507,0.06690243297873882
0.36156006204666435,0.0685182834271256
0.38101666058816686,0.06977111600335453
0.4004807604447879,0.07065667316615774
0.4199776147374916,0.07117161149846671
0.4397147219937908,0.07142829787953929
0.4594616544271136,0.07150798665843941
0.47921991249763946,0.07140766805321982
0.49899087233150413,0.07112456949747648
0.5187757978882264,0.07065613543488461
0.5385758520185081,0.07000001080134857
0.5583921066398931,0.06915402741006199
0.5782255522036621,0.06811619263539767
0.5980771065857756,0.06688467992593002
0.617947623503934,0.0654578207780761
0.6378379005393017,0.06383409787888285
0.6577486868233021,0.06201213918576902
0.6776806904357932,0.059990712757100766
0.6976345855499316,0.0577687221836207
0.7176110193504014,0.05534520249935443
0.7376106187449002,0.05271931647345
0.7576339968834492,0.049890351202770036
0.7776817594959095,0.04685771493994075
0.7977545110548222,0.0436209341037048
0.8178528607681662,0.04017965042839528
0.8379774284046937,0.03653361821757778
0.8581288499530564,0.03268270167373699
0.8783077831148856,0.028626872281569227
0.8985149126312557,0.024366206227196822
0.9187509554414957,0.019900881839598303
0.9390166656730542,0.015231177043886723
0.9593128394610532,0.01035746681886576
0.9796403195962113,0.005280220653638576
1.0,6.595929633316222e-18
