2D: iter20
1.0,-2.0350573236805566e-17
0.9810671824451697,0.009697402783582519
0.9620355548063155,0.019102484307207165
0.9429078786723197,0.028216973411403442
0.9236867615830316,0.03704231591836876
0.904374670948313,0.04557966693414379
0.8849739484925346,0.05382988317599198
0.86548682522011,0.06179351531470027
0.8459154368972117,0.06947080031540297
0.8262618400447268,0.07686165375322727
0.8065280284378834,0.08396566207136547
0.7867159501089183,0.0907820747388315
0.766827524850787,0.0973097962528502
0.7468646622223976,0.10354737791615101
0.7268292800593619,0.1094930093019085
0.7067233234990419,0.11514450929805015
0.6865487845349912,0.12049931659734708
0.6663077221241296,0.12555447946907847
0.6460022828805696,0.13030664461079014
0.625634722403525,0.1347520448330185
0.6052074273039013,0.13888648527354905
0.5847229380159659,0.14270532776781247
0.5641839725081788,0.14620347291438748
0.5435934510425234,0.14937533926386967
0.5229545221767796,0.15221483891825738
0.5022705902621912,0.15471534864643927
0.48154534476416266,0.15686967538540553
0.46078279183184334,0.1586700146868904
0.43997946212105415,0.16010788141496973
0.4186487280958437,0.16109504818057374
0.39728162928415933,0.16154684483478982
0.3758881612857177,0.16145199423549628
0.3544791927549001,0.1607984825804426
0.33306654374489664,0.15957343380080802
0.31166308225776757,0.15776294261228116
0.29028284609334654,0.15535185181170327
0.2689412001019564,0.15232345310282874
0.2476550435588675,0.14865908094748476
0.226443089651672,0.14433755332244297
0.20532625091645237,0.13933438755688826
0.18432818446788796,0.1336206755638808
0.16347608612793496,0.1271614247388856
0.1428018878459483,0.1199130249130938
0.12234414107022641,0.11181921238812917
0.10215113964170373,0.102804284969229
0.08228646238788329,0.09276088031864993
0.06283974680575985,0.08152583846335701
0.04395049826933089,0.06882593881365567
0.025872187393454933,0.054129085313059024
0.009219423975340889,0.036058363522834536
0.0,0.0
0.030780576024659112,-0.020426463157464526
0.05412781260654507,-0.023591819549489447
0.0760495017306691,-0.02410984261905698
0.09716025319424015,-0.02335744680489965
0.11771353761211673,-0.021866728163504344
0.13784886035829624,-0.019910907284565647
0.15765585892977363,-0.017653144141118494
0.1771981121540517,-0.015200801070906274
0.19652391387206503,-0.012629580268691647
0.21567181553211207,-0.009995745432850867
0.23467374908354763,-0.00734290673219283
0.253556910348328,-0.004706056771252437
0.2723449564411325,-0.0021141036369695942
0.2910587998980437,0.00040846999984059384
0.30971715390665344,0.002840482115949783
0.32833691774223245,0.005163267173185188
0.3469334562551034,0.007360116875301151
0.3655208072450999,0.009415874019138945
0.3841118387142823,0.011316633320387182
0.4027183707158407,0.01304951871022518
0.4213512719041563,0.01460251638640224
0.44002053787894585,0.015964349206796846
0.4592172081681567,0.01718447089811001
0.4784546552358373,0.01831736323231871
0.49772940973780877,0.01935457514797302
0.5170454778232204,0.020288302196807273
0.5364065489574766,0.0211113513158116
0.5558160274918214,0.02181709927387466
0.575277061984034,0.022399458172994838
0.5947925726960986,0.022852846563767654
0.614365277596475,0.023172165044771847
0.6339977171194304,0.02335277545143815
0.6536922778758705,0.023390482921552012
0.6734512154650089,0.023281520265649842
0.693276676500958,0.02302253418127754
0.7131707199406381,0.022610572937714145
0.7331353377776024,0.022043075227730878
0.753172475149213,0.021317859939255196
0.7732840498910818,0.020433116645461644
0.7934719715621167,0.019387396649079708
0.8137381599552731,0.01817960444733425
0.8340845631027882,0.01680898950923909
0.85451317477989,0.01527513827798661
0.8750260515074654,0.013577966328703978
0.895625329051687,0.011717710626525518
0.9163132384169684,0.00969492184223814
0.9370921213276802,0.007510456693105395
0.9579644451936844,0.0051654702851677975
0.9789328175548303,0.002661408440622829
1.0,2.0350573236805566e-17
