2D: iter3
1.0,-6.7264550337864835e-18
0.9802846720124424,0.006145604909131622
0.9605444036706132,0.012102526493388317
0.9407799923331812,0.017871561448766286
0.9209921879987094,0.02345340995786923
0.9011816968001302,0.028848673555089684
0.881349184596763,0.0340578529562933
0.8614952806641916,0.03908134584427006
0.8416205814825344,0.04391944459929256
0.8217256546239283,0.04857233396185173
0.8018110427404301,0.05304008861195688
0.7818772676540455,0.05732267064620205
0.7619248345512373,0.06141992693000992
0.7419542362850724,0.0653315862979321
0.7219659577891929,0.0690572565694437
0.7019604806090677,0.07259642134110647
0.6819382875575674,0.07594843650801875
0.66189986750388,0.07911252645777
0.6418457203072413,0.08208777986822827
0.6217763619100085,0.0848731450258199
0.6016923296084334,0.08746742456275212
0.5815941875242757,0.08986926948886206
0.5614825323064369,0.09207717236511086
0.541357999099435,0.094089459429362
0.5212212678252832,0.09590428143853846
0.5010730698378449,0.09751960293117733
0.4809141950249318,0.09893318953613675
0.46074549945456855,0.10014259285022663
0.44056791368975934,0.10114513227057
0.420382451933335,0.10193787298322977
0.4001902222147391,0.10251759905860883
0.3799799980507067,0.1028805809373639
0.3594458039586222,0.10287325077599732
0.3389049903275776,0.10236201523476027
0.3183624886539421,0.10134209202553655
0.2978236741655582,0.09980835787121503
0.27729441269152694,0.09775525699134865
0.2567811240233945,0.09517667430593697
0.23629086938096025,0.09206575845867637
0.2158314746111727,0.08841467150429785
0.19541170751708523,0.08421422799196784
0.1750415396262856,0.0794533610356471
0.15473254474734946,0.074118305922723
0.13449852992978426,0.06819129844895389
0.11435658575590102,0.06164838595344472
0.09432895391516848,0.05445548345042142
0.07444665882287356,0.04656058226258969
0.05475752811732379,0.03787622705754186
0.0353477551398857,0.02823143302229475
0.016424883206445775,0.017182235168422065
0.0,0.0
0.023575116793554226,-0.00113657708316456
0.0446522448601143,0.0029943189048877734
0.0652424718826762,0.0076640544682331935
0.08555334117712644,0.012428664618445405
0.10567104608483154,0.01711716454254122
0.12564341424409897,0.02164209890811298
0.14550147007021577,0.025951459037866394
0.16526745525265055,0.030011159946027342
0.18495846037371438,0.03379724897170085
0.2045882924829148,0.03729196191064521
0.2241685253888273,0.04048153405024779
0.24370913061903973,0.04335489850446942
0.26321887597660554,0.04590286982247642
0.2827055873084731,0.04811761005899989
0.30217632583444176,0.04999226785773617
0.3216375113460579,0.05152072813868479
0.34109500967242246,0.052697435121398774
0.3605541960413778,0.0535172655287669
0.3800200019492933,0.05397543707267301
0.39980977778526094,0.05418755269612779
0.41961754806666496,0.05428878569314115
0.43943208631024067,0.05427579112190929
0.4592545005454315,0.054145353052835174
0.47908580497506814,0.05389453667198163
0.49892693016215506,0.053520661376471754
0.5187787321747168,0.05302127876311541
0.538642000900565,0.05239415446077078
0.5585174676935633,0.051637253007974934
0.5784058124757242,0.050748725161650826
0.5983076703915665,0.049726897159661984
0.6182236380899915,0.04857026156296952
0.6381542796927587,0.04727746938141056
0.6581001324961201,0.04584732324719234
0.6780617124424327,0.044278771446741236
0.6980395193909322,0.04257090265792526
0.718034042210807,0.040722941268333875
0.7380457637149276,0.038734243173065376
0.7580751654487627,0.0366042919686816
0.7781227323459545,0.03433269547465761
0.79818895725957,0.03191918252554501
0.8182743453760716,0.029363599986766548
0.8383794185174656,0.02666590995491616
0.8585047193358084,0.023826187110003203
0.878650815403237,0.02084461619251861
0.8988183031998699,0.017721489582734975
0.9190078120012907,0.014457204963442286
0.9392200076668187,0.011052263050506227
0.9594555963293867,0.007507265378319255
0.9797153279875576,0.003822912129485114
1.0,6.7264550337864835e-18
