2D: initialNACA
1.0,-1.6025501103429624e-17
0.9805490270231171,0.00681579554257836
0.9610421011360039,0.0134100937169345
0.9414810583774493,0.019784851820797086
0.9218676319497082,0.025941796369377657
0.9022034606536325,0.03188241838177598
0.8824900975384481,0.03760796859588984
0.8627290187669377,0.04311945259035507
0.8429216326975222,0.04841762578747043
0.8230692891856634,0.053502988305682245
0.8031732891082255,0.05837577962386442
0.7832348941159499,0.06303597301212092
0.7632553366211116,0.06748326967491995
0.7432358300297887,0.07171709254172061
0.7231775792311242,0.07573657962748952
0.7030817913595752,0.0795405768701197
0.6829496868506322,0.08312763033312938
0.662782510816018,0.08649597763931441
0.6425815447712193,0.08964353847320364
0.6223481187566919,0.09256790395585558
0.6020836239046539,0.09526632465294096
0.5817895255165976,0.0977356969238121
0.5614673767332795,0.09997254725221594
0.5411188328999851,0.10197301411422295
0.5207456667566691,0.10373282683007401
0.5003497846169966,0.10524728070611888
0.4799236026208493,0.10651090946896855
0.4594258175866441,0.10750276948496795
0.43890974051373666,0.10820802997453616
0.4183784142444496,0.1086198436758932
0.3978351563888051,0.10873072374074584
0.37728359214356644,0.10853246790263166
0.3567276923379859,0.10801606370966842
0.33617181830962417,0.10717156884298587
0.31562077582472,0.10598795821284174
0.2950798811537452,0.1044529260804325
0.27455504375591044,0.10255262624865599
0.2540528720892458,0.1002713253043225
0.23358081231975422,0.09759093106047731
0.2131473350090923,0.09449033726120075
0.1927621938220399,0.09094448969028383
0.1724367960798427,0.0869230150058723
0.15218475419649982,0.08238813447995802
0.13202274438912745,0.07729134879624543
0.11197192011975488,0.07156787729835848
0.09206040759755055,0.06512666198451775
0.07232813888708298,0.05783066484683376
0.05283750620786165,0.04945266406459679
0.03370199583726915,0.03955428130240235
0.015196475189271062,0.027010753715387886
0.0,0.0
0.02480352481072894,-0.018357602831307898
0.04629800416273085,-0.022613752082976498
0.06716249379213834,-0.024590529058559192
0.08767186111291703,-0.025412696602918547
0.10793959240244946,-0.02551863305145905
0.12802807988024512,-0.025135560224890427
0.14797725561087258,-0.02440051613110214
0.16781524580350018,-0.02340455877187362
0.1875632039201573,-0.022212468803580923
0.20723780617796012,-0.02087274554251961
0.2268526649909077,-0.019423167716697803
0.24641918768024576,-0.017894108667969748
0.2659471279107542,-0.016310622612544463
0.2854449562440896,-0.014693815806341604
0.30492011884625475,-0.013061780436315916
0.32437922417528003,-0.01143024991565704
0.3438281816903759,-0.009813070441467203
0.36327230766201407,-0.008222547752549908
0.38271640785643357,-0.006669706938647428
0.4021648436111949,-0.005164490318630033
0.42162158575555037,-0.0037159103443799094
0.44109025948626335,-0.0023321692823595266
0.46057418241335596,-0.00102075398086212
0.48007639737915064,0.00021148829833236849
0.49965021538300336,0.0013661209612875619
0.5192543332433309,0.0024513954097043975
0.538881167100015,0.0034624156446717153
0.5585326232667206,0.004394476972539328
0.5782104744834023,0.00524330871354807
0.5979163760953461,0.006005049343768415
0.617651881243308,0.00667622534694734
0.6374184552287807,0.007253733082437132
0.657217489183982,0.007734823115908521
0.6770503131493679,0.008117086568420015
0.6969182086404248,0.008398443124500526
0.7168224207688757,0.008577130406945799
0.7367641699702113,0.008651694479274136
0.7567446633788885,0.008620981279378534
0.7767651058840501,0.008484128822225611
0.7968267108917746,0.008240560037274487
0.8169307108143365,0.007889976128993375
0.8370783673024778,0.007432350367486188
0.8572709812330622,0.006867922231626859
0.8775099024615519,0.0061971918398617265
0.8977965393463675,0.005420914614489524
0.9181323680502919,0.004540096134146113
0.9385189416225506,0.0035559871367292946
0.9589578988639961,0.0024700786413387743
0.9794509729768829,0.0012840971631861192
1.0,1.6025501103429624e-17
