2D: iter2
1.0,-6.357805852623432e-18
0.9804598274947312,0.009641779622750148
0.9608693389442887,0.01885918065780107
0.9412292058024997,0.027651988178536972
0.9215400755969055,0.036019869868694494
0.9018025832389577,0.04396237366644942
0.8820173628157172,0.051478926014995284
0.862185059790922,0.05856883077207679
0.8423063435321355,0.06523126882174735
0.8223819200706386,0.07146529842003085
0.8024125449922684,0.07726985629218755
0.7823990363510649,0.08264375948299335
0.76234228749385,0.08758570794299833
0.7422432796832239,0.09209428781336676
0.7221030944093633,0.0961679753499062
0.7019229252878139,0.09980514140360275
0.6817040894515022,0.10300405635073721
0.6614480383606567,0.10576289534078367
0.6411563679743943,0.10807974370503139
0.6208308282524558,0.10995260234334216
0.6004733319850343,0.11137939288056392
0.5800859629829008,0.11235796235749669
0.5598213367100385,0.11294638282638307
0.5395821690843465,0.11327242591823306
0.5193303788355867,0.11333859639730694
0.49906726315739325,0.113142845754767
0.4787942204103288,0.11268294878119588
0.45851276085314513,0.11195649053646625
0.43822451846612204,0.11096085046077642
0.41793126415715626,0.1096931828613126
0.3976349207333316,0.10815039276978966
0.377337580146838,0.10632910583578495
0.35704152369953357,0.104225630457757
0.3367492461384394,0.10183590969400794
0.31646348493139287,0.09915545953922629
0.29618725653608274,0.09617928873734109
0.2759239022620268,0.09290179316239058
0.25567714753441706,0.08931661448516591
0.2354511802809047,0.08541644756528594
0.21525075728235255,0.081192772333285
0.19508135260655154,0.07663547114401804
0.17494937155532236,0.07173226630886247
0.15486247081556173,0.06646786344734339
0.1348300594516255,0.06082258906330747
0.11486412715777782,0.054770103557380365
0.09498071242338244,0.048273287276636545
0.07520275659231718,0.041276126325908866
0.055566418139092515,0.03368549619375943
0.036138103894692686,0.025321276194585345
0.0170803205521859,0.015720242419374458
0.0,0.0
0.0229196794478141,-0.0030575798810719354
0.043861896105307316,-0.0004435931397643051
0.06443358186090747,0.002959565355796112
0.08479724340768283,0.0066886716965971794
0.10501928757661758,0.010563605197035999
0.12513587284222216,0.014491241345674668
0.14516994054837454,0.018415566247346072
0.16513752918443828,0.022299460249124613
0.18505062844467762,0.026116583751636
0.20491864739344848,0.0298472632587269
0.22474924271764746,0.03347620438992241
0.24454881971909528,0.036991129456599915
0.26432285246558296,0.0403819208136144
0.28407609773797327,0.043640058391500175
0.30381274346391723,0.04675823704987607
0.32353651506860714,0.049730098459533315
0.3432507538615607,0.05255003849451009
0.3629584763004664,0.05521306589873544
0.382662419853162,0.0577146966668979
0.4023650792666684,0.0600508738572996
0.4220687358428437,0.06221790586839906
0.44177548153387797,0.06421241834977365
0.4614872391468549,0.06603131633313819
0.48120577958967115,0.06767175412567893
0.5009327368426068,0.0691311111675942
0.5206696211644133,0.07040697251875665
0.5404178309156535,0.07149711296974887
0.5601786632899616,0.07239948401173323
0.5799140370170991,0.07310808127016334
0.5995266680149657,0.07349922453345259
0.6191691717475442,0.073514159842073
0.6388436320256057,0.07315073423682457
0.6585519616393434,0.07240686934255525
0.6782959105484979,0.07128056605912682
0.698077074712186,0.06976990971782862
0.7178969055906367,0.06787307546813459
0.7377567203167761,0.06558833368632563
0.75765771250615,0.06291405522338783
0.7776009636489352,0.059848716335128734
0.7975874550077316,0.05639090316271261
0.8176180799293613,0.05253931565668963
0.8376936564678644,0.048292770861835525
0.857814940209078,0.043650205503410665
0.8779826371842828,0.038610677837438885
0.8981974167610424,0.033173368747973636
0.9184599244030945,0.02733758209275961
0.9387707941975002,0.02110274431499043
0.9591306610557112,0.0144684033528417
0.9795401725052688,0.007434226890050158
1.0,6.357805852623432e-18
